
Usefulness confussion matrix:
TP=2564	FP=1438	FN=123	TN=1157
Precision: 0.6406796601699151
MAE: 0.29553199545626657
Cohen´s Kapa: 0.4035826120922562
Recall: 0.9542240416821735


Supportiveness confussion matrix:
TP=1961	FP=95	FN=161	TN=470
Precision: 0.9537937743190662
MAE: 0.09527353926311873
Cohen´s Kapa: 0.7249196399935695
Recall: 0.9241281809613572


Credibility confussion matrix:
TP=1449	FP=1149	FN=10	TN=79
Precision: 0.5577367205542725
MAE: 0.4313360625232601
Cohen´s Kapa: 0.062033103477355904
Recall: 0.9931459904043866

