
Usefulness confussion matrix:
TP=2564	FP=1438	FN=123	TN=1157
Precision: 0.6406796601699151
MAE: 0.29553199545626657
Cohen´s Kapa: 0.4035826120922562
Recall: 0.9542240416821735


Supportiveness confussion matrix:
TP=976	FP=545	FN=1146	TN=20
Precision: 0.6416831032215647
MAE: 0.6293263863044287
Cohen´s Kapa: -0.3629991087758431
Recall: 0.4599434495758718


Credibility confussion matrix:
TP=1449	FP=1149	FN=10	TN=79
Precision: 0.5577367205542725
MAE: 0.4313360625232601
Cohen´s Kapa: 0.062033103477355904
Recall: 0.9931459904043866

