
Usefulness confussion matrix:
TP=2570	FP=1557	FN=76	TN=1012
Precision: 0.622728374121638
MAE: 0.3131351869606903
Cohen´s Kapa: 0.3682942748561302
Recall: 0.9712773998488284


Supportiveness confussion matrix:
TP=669	FP=512	FN=1423	TN=42
Precision: 0.5664690939881456
MAE: 0.7312925170068028
Cohen´s Kapa: -0.3766968696878291
Recall: 0.31978967495219884


Credibility confussion matrix:
TP=1446	FP=1120	FN=11	TN=69
Precision: 0.5635229929851909
MAE: 0.427437641723356
Cohen´s Kapa: 0.05521898107486797
Recall: 0.9924502402196294

