1 0 clueweb12-0000wb-03-01030 1 1 1
1 0 clueweb12-0002wb-08-02435 1 0 1
1 0 clueweb12-0002wb-42-30714 1 1 0
1 0 clueweb12-0009wb-20-04624 1 0 1
1 0 clueweb12-0010wb-82-33478 1 1 0
1 0 clueweb12-0011wb-24-12616 1 2 1
1 0 clueweb12-0013wb-11-19384 1 1 1
1 0 clueweb12-0100wb-50-28260 0 1 1
1 0 clueweb12-0101wb-47-19806 1 1 0
1 0 clueweb12-0104wb-93-33234 2 1 1
1 0 clueweb12-0105wb-62-21353 1 1 0
1 0 clueweb12-0105wb-83-02735 1 1 0
1 0 clueweb12-0106wb-24-21106 2 1 0
1 0 clueweb12-0109wb-48-31622 1 1 0
1 0 clueweb12-0109wb-83-09551 2 1 0
1 0 clueweb12-0111wb-68-28679 2 2 1
1 0 clueweb12-0201wb-88-20098 1 2 0
1 0 clueweb12-0201wb-90-00828 1 1 0
1 0 clueweb12-0206wb-83-30064 2 3 1
1 0 clueweb12-0208wb-06-33542 1 0 1
1 0 clueweb12-0211wb-77-00477 2 1 1
1 0 clueweb12-0212wb-21-30138 1 2 0
1 0 clueweb12-0301wb-96-02256 1 1 0
1 0 clueweb12-0302wb-78-02849 1 1 1
1 0 clueweb12-0303wb-91-27226 2 3 1
1 0 clueweb12-0306wb-12-20044 1 2 1
1 0 clueweb12-0308wb-91-31348 1 1 1
1 0 clueweb12-0405wb-55-00159 1 2 1
1 0 clueweb12-0408wb-67-25113 1 1 0
1 0 clueweb12-0412wb-12-10886 1 1 1
1 0 clueweb12-0601wb-75-26531 2 2 1
1 0 clueweb12-0603wb-20-06007 1 1 0
1 0 clueweb12-0607wb-92-24342 1 2 0
1 0 clueweb12-0700wb-20-22662 0 1 0
1 0 clueweb12-0705wb-12-21595 1 0 0
1 0 clueweb12-0716wb-56-30717 1 1 0
1 0 clueweb12-0807wb-52-06633 1 2 1
1 0 clueweb12-0814wb-90-22411 1 1 0
1 0 clueweb12-0907wb-18-23499 1 1 0
1 0 clueweb12-0918wb-64-07171 1 2 1
1 0 clueweb12-1005wb-96-06520 2 1 0
1 0 clueweb12-1006wb-99-11779 1 0 1
1 0 clueweb12-1008wb-06-18208 1 2 1
1 0 clueweb12-1016wb-97-10696 1 2 1
1 0 clueweb12-1100tw-87-15169 2 3 1
1 0 clueweb12-1202wb-27-06628 1 1 1
1 0 clueweb12-1208wb-66-12762 2 3 1
1 0 clueweb12-1309wb-66-04887 0 0 1
1 0 clueweb12-1402wb-24-06509 1 2 1
1 0 clueweb12-1601wb-75-12208 0 1 0
1 0 clueweb12-1603wb-03-15074 1 0 0
1 0 clueweb12-1603wb-69-12091 1 2 1
1 0 clueweb12-1606wb-30-28503 2 2 1
1 0 clueweb12-1607wb-06-24943 1 2 1
1 0 clueweb12-1607wb-46-07933 2 1 1
1 0 clueweb12-1701wb-61-11822 1 1 0
1 0 clueweb12-1703wb-08-32758 2 1 0
1 0 clueweb12-1703wb-87-17766 0 0 0
1 0 clueweb12-1704wb-03-30624 1 2 1
1 0 clueweb12-1711wb-24-23490 1 2 0
1 0 clueweb12-1711wb-48-17799 1 2 1
1 0 clueweb12-1714wb-88-16141 2 1 0
1 0 clueweb12-1715wb-19-21299 1 2 0
1 0 clueweb12-1715wb-40-19324 1 2 1
1 0 clueweb12-1800wb-24-06124 1 2 1
1 0 clueweb12-1801wb-31-20406 1 0 1
1 0 clueweb12-1802wb-22-23581 2 1 1
1 0 clueweb12-1804wb-51-25181 1 1 1
1 0 clueweb12-1808wb-82-05394 1 0 1
1 0 clueweb12-1901wb-65-05104 1 2 0
1 0 clueweb12-1902wb-15-16608 1 1 1
1 0 clueweb12-1905wb-53-23565 1 1 1
1 0 clueweb12-1909wb-18-26220 1 2 1
1 0 clueweb12-1909wb-65-23315 1 1 0
1 0 clueweb12-1912wb-62-07565 2 1 1
3 0 clueweb12-0005wb-23-10352 1 2 1
3 0 clueweb12-0011wb-12-02135 0 1 0
3 0 clueweb12-0012wb-39-13110 1 2 0
3 0 clueweb12-0013wb-34-18744 1 2 0
3 0 clueweb12-0013wb-75-14119 1 0 0
3 0 clueweb12-0100wb-30-27935 0 1 0
3 0 clueweb12-0109wb-00-12961 1 1 0
3 0 clueweb12-0205wb-17-27734 1 2 1
3 0 clueweb12-0205wb-17-27748 1 0 0
3 0 clueweb12-0208wb-07-35612 1 0 0
3 0 clueweb12-0208wb-46-28651 0 1 0
3 0 clueweb12-0604wb-31-22677 1 0 1
3 0 clueweb12-0604wb-41-29920 1 2 1
3 0 clueweb12-0604wb-52-32790 1 2 0
3 0 clueweb12-0607wb-78-03816 0 1 0
3 0 clueweb12-1009wb-76-18174 0 1 0
3 0 clueweb12-1305wb-35-07551 1 1 0
3 0 clueweb12-1413wb-18-05296 1 2 0
3 0 clueweb12-1500wb-00-00033 1 0 1
3 0 clueweb12-1501wb-40-07391 0 1 0
3 0 clueweb12-1909wb-94-18146 1 0 0
5 0 clueweb12-0000wb-70-05057 1 2 1
5 0 clueweb12-0000wb-76-38376 1 0 1
5 0 clueweb12-0003wb-46-06510 1 0 1
5 0 clueweb12-0003wb-78-12239 1 0 1
5 0 clueweb12-0010wb-09-13028 2 2 1
5 0 clueweb12-0010wb-37-01778 1 2 1
5 0 clueweb12-0010wb-57-23470 2 1 1
5 0 clueweb12-0011wb-38-05349 2 3 1
5 0 clueweb12-0011wb-72-07144 2 1 1
5 0 clueweb12-0013wb-15-08195 1 1 1
5 0 clueweb12-0013wb-45-28556 1 1 0
5 0 clueweb12-0100wb-12-23744 1 2 1
5 0 clueweb12-0101wb-58-17371 1 0 0
5 0 clueweb12-0103wb-95-10128 2 1 1
5 0 clueweb12-0105wb-72-16858 1 1 0
5 0 clueweb12-0108wb-87-02215 1 1 0
5 0 clueweb12-0111wb-01-13091 1 1 0
5 0 clueweb12-0200tw-10-23326 1 1 0
5 0 clueweb12-0208wb-96-26332 1 2 0
5 0 clueweb12-0210wb-98-04091 1 2 1
5 0 clueweb12-0300wb-63-29854 2 1 1
5 0 clueweb12-0305wb-74-21728 1 1 1
5 0 clueweb12-0307wb-87-05138 1 1 0
5 0 clueweb12-0308wb-27-13888 1 0 1
5 0 clueweb12-0400wb-18-14058 1 2 1
5 0 clueweb12-0505wb-37-12206 1 1 0
5 0 clueweb12-0505wb-77-19728 0 1 0
5 0 clueweb12-0705wb-52-11270 2 1 1
5 0 clueweb12-0806wb-34-06366 1 1 0
5 0 clueweb12-0905wb-63-26343 1 2 0
5 0 clueweb12-1012wb-16-21226 1 2 1
5 0 clueweb12-1018wb-79-14542 1 1 1
5 0 clueweb12-1019wb-32-08163 1 2 0
5 0 clueweb12-1110wb-50-17084 1 0 0
5 0 clueweb12-1111wb-48-00257 0 1 0
5 0 clueweb12-1111wb-64-25896 1 1 0
5 0 clueweb12-1112wb-67-04403 1 0 0
5 0 clueweb12-1113wb-19-01236 1 0 1
5 0 clueweb12-1114wb-13-12989 1 1 0
5 0 clueweb12-1115wb-66-15566 1 2 1
5 0 clueweb12-1116wb-17-00996 1 1 0
5 0 clueweb12-1116wb-17-01010 1 2 0
5 0 clueweb12-1200wb-47-01250 1 1 1
5 0 clueweb12-1207wb-38-04435 1 1 1
5 0 clueweb12-1316wb-39-03921 1 3 1
5 0 clueweb12-1400wb-63-17603 2 1 1
5 0 clueweb12-1501wb-05-10350 1 2 1
5 0 clueweb12-1509wb-93-11319 1 1 0
5 0 clueweb12-1600tw-22-11708 1 1 1
5 0 clueweb12-1600wb-05-32402 1 1 0
5 0 clueweb12-1707wb-87-24626 1 0 0
5 0 clueweb12-1710wb-11-05635 1 0 0
5 0 clueweb12-1901wb-62-05269 1 1 0
5 0 clueweb12-1914wb-01-25251 1 2 0
5 0 clueweb12-1914wb-17-06713 1 2 0
6 0 clueweb12-0002wb-71-08483 1 2 0
6 0 clueweb12-0006wb-07-01827 0 1 0
6 0 clueweb12-0011wb-28-00943 1 1 0
6 0 clueweb12-0102wb-37-32488 0 1 0
6 0 clueweb12-0111wb-11-01609 2 1 0
6 0 clueweb12-0111wb-14-32902 0 0 0
6 0 clueweb12-0201wb-10-25807 0 1 0
6 0 clueweb12-0204wb-16-10222 0 1 1
6 0 clueweb12-0207wb-09-10598 1 2 0
6 0 clueweb12-0210wb-38-01445 0 1 0
6 0 clueweb12-0210wb-93-14828 2 1 1
6 0 clueweb12-0304wb-71-24665 0 1 0
6 0 clueweb12-0404wb-63-23622 1 0 0
6 0 clueweb12-0407wb-90-09200 1 1 0
6 0 clueweb12-0708wb-44-22298 0 1 0
6 0 clueweb12-0714wb-37-06624 1 1 0
6 0 clueweb12-0812wb-61-22404 1 1 0
6 0 clueweb12-1019wb-54-08956 2 1 0
6 0 clueweb12-1105wb-87-11607 2 3 1
6 0 clueweb12-1111wb-47-06562 1 1 0
6 0 clueweb12-1209wb-76-14942 0 1 0
6 0 clueweb12-1304wb-63-18492 0 0 0
6 0 clueweb12-1316wb-30-07780 2 1 0
6 0 clueweb12-1503wb-18-05384 0 1 0
6 0 clueweb12-1513wb-81-01078 1 2 0
6 0 clueweb12-1601wb-85-09159 0 1 0
6 0 clueweb12-1609wb-14-19596 2 1 0
6 0 clueweb12-1609wb-73-15777 1 1 0
6 0 clueweb12-1615wb-12-05534 1 2 0
6 0 clueweb12-1707wb-45-20084 1 1 0
6 0 clueweb12-1806wb-94-13824 1 1 0
6 0 clueweb12-1808wb-65-00759 2 1 0
7 0 clueweb12-0002wb-50-07728 0 1 0
7 0 clueweb12-0206wb-27-20604 1 1 0
7 0 clueweb12-0209wb-83-23899 1 2 1
7 0 clueweb12-0911wb-78-18513 1 2 1
8 0 clueweb12-0001wb-00-32194 1 1 1
8 0 clueweb12-0001wb-49-34226 1 2 1
8 0 clueweb12-0003wb-23-22892 0 1 0
8 0 clueweb12-0003wb-47-02267 1 1 0
8 0 clueweb12-0006wb-61-27162 1 1 0
8 0 clueweb12-0008wb-89-20930 1 1 0
8 0 clueweb12-0013wb-34-09190 1 1 0
8 0 clueweb12-0100wb-25-09950 1 2 1
8 0 clueweb12-0100wb-34-27812 2 1 1
8 0 clueweb12-0105wb-47-04695 1 1 1
8 0 clueweb12-0106wb-81-01134 2 1 1
8 0 clueweb12-0106wb-95-13415 1 0 1
8 0 clueweb12-0108wb-06-15704 1 1 1
8 0 clueweb12-0201wb-02-22948 1 2 0
8 0 clueweb12-0201wb-33-24969 2 1 1
8 0 clueweb12-0201wb-61-28031 1 1 0
8 0 clueweb12-0206wb-53-11359 1 0 0
8 0 clueweb12-0207wb-81-10935 0 1 0
8 0 clueweb12-0300wb-88-07937 1 2 1
8 0 clueweb12-0301wb-31-23059 1 2 1
8 0 clueweb12-0305wb-39-16604 2 1 1
8 0 clueweb12-0507wb-17-06084 1 2 1
8 0 clueweb12-0603wb-47-17504 1 1 0
8 0 clueweb12-0603wb-68-05082 1 1 1
8 0 clueweb12-0604wb-14-12410 0 1 0
8 0 clueweb12-0604wb-41-03816 2 2 1
8 0 clueweb12-0611wb-97-23455 2 1 1
8 0 clueweb12-0700wb-50-24124 1 2 0
8 0 clueweb12-0709wb-97-27370 2 1 0
8 0 clueweb12-0800tw-33-05325 1 1 0
8 0 clueweb12-0917wb-86-06739 1 2 1
8 0 clueweb12-1006wb-00-12820 1 1 0
8 0 clueweb12-1009wb-85-20806 1 2 1
8 0 clueweb12-1106wb-70-08672 2 1 0
8 0 clueweb12-1107wb-14-00437 1 2 0
8 0 clueweb12-1107wb-20-01447 1 1 1
8 0 clueweb12-1107wb-88-00751 1 1 0
8 0 clueweb12-1114wb-59-22247 1 1 0
8 0 clueweb12-1114wb-63-18406 1 1 0
8 0 clueweb12-1115wb-19-07686 1 1 0
8 0 clueweb12-1115wb-20-28404 1 1 0
8 0 clueweb12-1115wb-28-28907 1 1 0
8 0 clueweb12-1115wb-66-07207 1 1 0
8 0 clueweb12-1115wb-67-13482 1 1 0
8 0 clueweb12-1115wb-69-17591 1 0 0
8 0 clueweb12-1115wb-77-13490 1 2 1
8 0 clueweb12-1115wb-85-14952 1 1 0
8 0 clueweb12-1204wb-00-12021 1 1 0
8 0 clueweb12-1204wb-08-22167 1 2 1
8 0 clueweb12-1204wb-10-25499 1 1 0
8 0 clueweb12-1204wb-14-15533 1 2 0
8 0 clueweb12-1209wb-65-12639 1 2 1
8 0 clueweb12-1215wb-80-04560 1 3 0
8 0 clueweb12-1302wb-54-21145 1 2 1
8 0 clueweb12-1307wb-12-15949 1 1 0
8 0 clueweb12-1310wb-77-05741 1 0 0
8 0 clueweb12-1401wb-53-00013 1 1 0
8 0 clueweb12-1501wb-91-04750 2 1 0
8 0 clueweb12-1507wb-41-23116 1 2 1
8 0 clueweb12-1509wb-38-04955 1 0 0
8 0 clueweb12-1600tw-21-07522 1 0 1
8 0 clueweb12-1607wb-47-08526 1 0 0
8 0 clueweb12-1607wb-50-07544 1 3 0
8 0 clueweb12-1607wb-97-17751 1 1 0
8 0 clueweb12-1612wb-05-30675 1 1 0
8 0 clueweb12-1702wb-33-23768 2 1 1
8 0 clueweb12-1706wb-13-06065 1 2 1
8 0 clueweb12-1711wb-69-26627 1 1 1
8 0 clueweb12-1801wb-55-26720 1 1 0
8 0 clueweb12-1804wb-84-20248 2 1 0
8 0 clueweb12-1807wb-15-04403 1 1 0
8 0 clueweb12-1807wb-16-16817 1 2 0
8 0 clueweb12-1809wb-45-04919 1 1 0
8 0 clueweb12-1809wb-91-05090 1 1 0
8 0 clueweb12-1812wb-87-07296 1 0 0
8 0 clueweb12-1813wb-29-15031 1 1 0
8 0 clueweb12-1814wb-42-10687 1 1 0
8 0 clueweb12-1903wb-59-12531 1 1 0
8 0 clueweb12-1906wb-01-05872 1 2 0
8 0 clueweb12-1909wb-66-34610 1 1 0
8 0 clueweb12-1910wb-81-23300 1 2 0
8 0 clueweb12-1913wb-35-23636 1 1 0
11 0 clueweb12-0000wb-15-17863 2 1 1
11 0 clueweb12-0000wb-27-29007 1 1 1
11 0 clueweb12-0002wb-33-34476 1 0 1
11 0 clueweb12-0004wb-00-21609 1 0 1
11 0 clueweb12-0005wb-52-25297 1 2 1
11 0 clueweb12-0005wb-74-07520 1 2 1
11 0 clueweb12-0006wb-48-31154 1 1 1
11 0 clueweb12-0008wb-35-22249 1 1 0
11 0 clueweb12-0009wb-31-25086 1 1 0
11 0 clueweb12-0010wb-96-08197 2 2 1
11 0 clueweb12-0011wb-30-23312 2 1 1
11 0 clueweb12-0013wb-10-07215 1 2 0
11 0 clueweb12-0013wb-67-04844 1 2 0
11 0 clueweb12-0100tw-57-05119 1 2 1
11 0 clueweb12-0102wb-91-32051 1 2 0
11 0 clueweb12-0104wb-32-02688 1 2 0
11 0 clueweb12-0104wb-46-30018 1 1 1
11 0 clueweb12-0104wb-54-15709 1 1 1
11 0 clueweb12-0105wb-43-04549 1 1 0
11 0 clueweb12-0107wb-08-06219 2 1 0
11 0 clueweb12-0107wb-52-07162 1 2 1
11 0 clueweb12-0108wb-54-31904 1 1 0
11 0 clueweb12-0108wb-74-00755 1 2 0
11 0 clueweb12-0110wb-37-28312 2 3 1
11 0 clueweb12-0112wb-22-21970 1 1 1
11 0 clueweb12-0112wb-46-27623 1 1 0
11 0 clueweb12-0112wb-59-17010 1 2 0
11 0 clueweb12-0200wb-04-05911 1 2 1
11 0 clueweb12-0200wb-28-21996 2 1 1
11 0 clueweb12-0200wb-47-26500 2 1 1
11 0 clueweb12-0201wb-08-23527 1 2 1
11 0 clueweb12-0202wb-04-11641 1 0 0
11 0 clueweb12-0202wb-15-13191 1 2 0
11 0 clueweb12-0202wb-52-12160 1 2 1
11 0 clueweb12-0203wb-98-28802 1 1 0
11 0 clueweb12-0205wb-09-10535 1 1 1
11 0 clueweb12-0206wb-61-30850 1 1 1
11 0 clueweb12-0206wb-88-07167 2 1 1
11 0 clueweb12-0207wb-82-11000 1 0 1
11 0 clueweb12-0209wb-07-30278 2 1 1
11 0 clueweb12-0209wb-73-27946 2 2 1
11 0 clueweb12-0210wb-89-18264 1 1 0
11 0 clueweb12-0300wb-49-01532 1 2 1
11 0 clueweb12-0303wb-99-14380 2 1 0
11 0 clueweb12-0310wb-24-06162 1 1 1
11 0 clueweb12-0401wb-76-01727 1 1 0
11 0 clueweb12-0403wb-66-13471 2 1 1
11 0 clueweb12-0404wb-11-31035 2 0 1
11 0 clueweb12-0404wb-29-28787 1 2 1
11 0 clueweb12-0404wb-32-15730 1 2 1
11 0 clueweb12-0411wb-14-30474 2 1 1
11 0 clueweb12-0412wb-23-32868 1 2 1
11 0 clueweb12-0502wb-22-01681 1 2 0
11 0 clueweb12-0503wb-52-29945 1 2 0
11 0 clueweb12-0503wb-52-29959 1 1 0
11 0 clueweb12-0506wb-39-19400 1 2 0
11 0 clueweb12-0600tw-35-16841 1 1 0
11 0 clueweb12-0602wb-39-26041 0 1 0
11 0 clueweb12-0602wb-81-17032 1 2 0
11 0 clueweb12-0602wb-86-01419 1 1 0
11 0 clueweb12-0606wb-84-20868 1 2 1
11 0 clueweb12-0607wb-68-12056 2 1 1
11 0 clueweb12-0608wb-00-08048 1 1 0
11 0 clueweb12-0611wb-85-10190 2 1 1
11 0 clueweb12-0700tw-07-21042 1 1 0
11 0 clueweb12-0700tw-54-06779 2 2 0
11 0 clueweb12-0708wb-07-13407 1 2 1
11 0 clueweb12-0711wb-11-18383 1 2 1
11 0 clueweb12-0711wb-61-10930 1 2 1
11 0 clueweb12-0713wb-55-02547 1 1 1
11 0 clueweb12-0714wb-76-24912 1 2 1
11 0 clueweb12-0715wb-35-00750 1 1 0
11 0 clueweb12-0800tw-45-24764 1 1 0
11 0 clueweb12-0800wb-23-20237 1 2 0
11 0 clueweb12-0805wb-63-13731 2 1 1
11 0 clueweb12-0814wb-58-01632 1 0 0
11 0 clueweb12-0818wb-59-25035 1 2 0
11 0 clueweb12-0900tw-86-00605 1 2 0
11 0 clueweb12-0903wb-82-14837 1 0 1
11 0 clueweb12-0911wb-78-13438 2 1 1
11 0 clueweb12-0914wb-70-23438 1 2 0
11 0 clueweb12-0917wb-06-10828 1 1 0
11 0 clueweb12-1011wb-43-13781 1 0 1
11 0 clueweb12-1011wb-53-02972 1 2 1
11 0 clueweb12-1015wb-54-03858 2 1 1
11 0 clueweb12-1019wb-21-07498 1 0 1
11 0 clueweb12-1020wb-57-33693 2 1 1
11 0 clueweb12-1110wb-22-10582 1 1 1
11 0 clueweb12-1111wb-38-24401 1 0 1
11 0 clueweb12-1200tw-09-07269 1 1 0
11 0 clueweb12-1200wb-44-26795 1 1 1
11 0 clueweb12-1211wb-85-25682 1 1 0
11 0 clueweb12-1212wb-98-00611 0 1 0
11 0 clueweb12-1213wb-07-16907 1 0 1
11 0 clueweb12-1217wb-95-24887 1 2 1
11 0 clueweb12-1300wb-95-08199 1 2 1
11 0 clueweb12-1303wb-62-14047 1 2 0
11 0 clueweb12-1304wb-55-21988 1 1 0
11 0 clueweb12-1304wb-59-24619 1 2 0
11 0 clueweb12-1304wb-87-02645 1 2 1
11 0 clueweb12-1304wb-98-14643 1 2 1
11 0 clueweb12-1315wb-51-09897 1 2 1
11 0 clueweb12-1416wb-19-01511 1 2 1
11 0 clueweb12-1500wb-14-01027 1 2 0
11 0 clueweb12-1500wb-20-20475 2 1 1
11 0 clueweb12-1501wb-40-17629 2 0 1
11 0 clueweb12-1510wb-86-26692 0 1 0
11 0 clueweb12-1510wb-86-26706 1 0 0
11 0 clueweb12-1511wb-07-09483 1 2 1
11 0 clueweb12-1511wb-07-09497 0 1 0
11 0 clueweb12-1515wb-84-04064 1 1 1
11 0 clueweb12-1600wb-90-12741 1 2 0
11 0 clueweb12-1607wb-39-06747 1 1 0
11 0 clueweb12-1607wb-83-18663 1 0 0
11 0 clueweb12-1609wb-63-02042 1 2 1
11 0 clueweb12-1614wb-73-02754 1 1 0
11 0 clueweb12-1703wb-60-01680 1 1 1
11 0 clueweb12-1703wb-62-13892 2 1 0
11 0 clueweb12-1705wb-37-00519 1 2 1
11 0 clueweb12-1706wb-57-08243 1 1 0
11 0 clueweb12-1707wb-17-17718 1 0 0
11 0 clueweb12-1708wb-14-00784 1 1 0
11 0 clueweb12-1804wb-68-11505 1 2 1
11 0 clueweb12-1805wb-29-00048 1 2 0
11 0 clueweb12-1806wb-07-08649 2 1 1
11 0 clueweb12-1807wb-02-23095 1 2 1
11 0 clueweb12-1807wb-76-21906 1 2 1
11 0 clueweb12-1808wb-41-26649 2 1 1
11 0 clueweb12-1808wb-92-21657 1 1 0
11 0 clueweb12-1809wb-01-29939 2 1 1
11 0 clueweb12-1809wb-42-16436 1 2 0
11 0 clueweb12-1813wb-31-04030 1 2 1
11 0 clueweb12-1900wb-72-13694 1 0 0
11 0 clueweb12-1901wb-09-12645 1 2 0
11 0 clueweb12-1908wb-35-08810 1 2 0
11 0 clueweb12-1911wb-84-14115 1 2 1
11 0 clueweb12-1912wb-74-12903 1 1 1
12 0 clueweb12-0003wb-09-33853 0 1 0
12 0 clueweb12-0004wb-91-37641 1 3 1
12 0 clueweb12-0009wb-17-04900 1 2 1
12 0 clueweb12-0009wb-82-14096 1 1 0
12 0 clueweb12-0009wb-89-21566 1 1 0
12 0 clueweb12-0012wb-59-19175 2 1 1
12 0 clueweb12-0105wb-14-21600 1 1 0
12 0 clueweb12-0106wb-31-02046 1 1 0
12 0 clueweb12-0106wb-91-11951 1 1 0
12 0 clueweb12-0111wb-15-05910 1 2 1
12 0 clueweb12-0111wb-82-09450 1 2 1
12 0 clueweb12-0201wb-05-19403 2 1 0
12 0 clueweb12-0201wb-45-20624 1 1 1
12 0 clueweb12-0202wb-86-03787 1 2 0
12 0 clueweb12-0204wb-55-07763 2 1 1
12 0 clueweb12-0205wb-02-22362 1 1 1
12 0 clueweb12-0207wb-07-22904 1 2 1
12 0 clueweb12-0210wb-20-04874 2 3 1
12 0 clueweb12-0301wb-01-32501 1 1 0
12 0 clueweb12-0303wb-95-19498 2 1 1
12 0 clueweb12-0306wb-24-12058 1 2 1
12 0 clueweb12-0401wb-54-14011 0 1 0
12 0 clueweb12-0406wb-47-05834 2 1 1
12 0 clueweb12-0407wb-45-28691 1 1 1
12 0 clueweb12-0407wb-70-21260 1 1 0
12 0 clueweb12-0410wb-76-14215 1 1 0
12 0 clueweb12-0501wb-27-05037 1 2 1
12 0 clueweb12-0503wb-18-03489 1 2 1
12 0 clueweb12-0505wb-34-14834 1 2 0
12 0 clueweb12-0509wb-88-01405 2 3 1
12 0 clueweb12-0511wb-79-23239 1 1 0
12 0 clueweb12-0605wb-40-21739 2 3 1
12 0 clueweb12-0610wb-23-29567 1 2 1
12 0 clueweb12-0700tw-38-13457 1 1 0
12 0 clueweb12-0706wb-33-04653 0 1 0
12 0 clueweb12-0710wb-70-26410 1 2 1
12 0 clueweb12-0807wb-59-02776 1 2 1
12 0 clueweb12-0809wb-32-21418 1 1 0
12 0 clueweb12-0814wb-91-21433 2 1 1
12 0 clueweb12-0905wb-46-11690 0 1 0
12 0 clueweb12-0909wb-95-26602 0 1 0
12 0 clueweb12-0918wb-58-01674 1 1 0
12 0 clueweb12-1000tw-73-07144 1 2 1
12 0 clueweb12-1000wb-02-24797 0 1 0
12 0 clueweb12-1000wb-48-01047 0 1 0
12 0 clueweb12-1003wb-82-14686 1 2 0
12 0 clueweb12-1009wb-55-00758 1 0 0
12 0 clueweb12-1021wb-00-02417 2 1 1
12 0 clueweb12-1109wb-18-08964 1 0 1
12 0 clueweb12-1114wb-79-02417 2 1 0
12 0 clueweb12-1115wb-74-21473 0 1 0
12 0 clueweb12-1115wb-81-07130 1 1 0
12 0 clueweb12-1116wb-10-22002 1 2 0
12 0 clueweb12-1116wb-66-01346 1 1 0
12 0 clueweb12-1200wb-36-12817 1 1 0
12 0 clueweb12-1200wb-38-23165 1 2 1
12 0 clueweb12-1205wb-37-03006 1 0 0
12 0 clueweb12-1212wb-48-07954 1 2 1
12 0 clueweb12-1213wb-51-21786 2 1 0
12 0 clueweb12-1214wb-80-16285 1 2 0
12 0 clueweb12-1216wb-97-07122 1 2 1
12 0 clueweb12-1313wb-32-06803 1 1 0
12 0 clueweb12-1314wb-90-14375 1 2 0
12 0 clueweb12-1401wb-48-20457 2 2 1
12 0 clueweb12-1403wb-22-19963 1 2 0
12 0 clueweb12-1500tw-69-15990 1 1 0
12 0 clueweb12-1503wb-34-06175 1 2 1
12 0 clueweb12-1504wb-07-12044 1 2 0
12 0 clueweb12-1504wb-57-16585 1 2 1
12 0 clueweb12-1601wb-86-17895 1 2 1
12 0 clueweb12-1609wb-80-02359 1 2 1
12 0 clueweb12-1612wb-25-06801 1 2 1
12 0 clueweb12-1616wb-95-16981 2 2 1
12 0 clueweb12-1704wb-71-21599 1 3 0
12 0 clueweb12-1708wb-50-13276 1 1 1
12 0 clueweb12-1709wb-89-14939 1 2 1
12 0 clueweb12-1805wb-96-08290 1 3 1
12 0 clueweb12-1805wb-97-11477 1 2 1
12 0 clueweb12-1807wb-48-27907 1 1 1
12 0 clueweb12-1808wb-25-15432 1 1 1
12 0 clueweb12-1809wb-61-08041 1 1 0
12 0 clueweb12-1810wb-98-08904 2 3 1
12 0 clueweb12-1902wb-09-12979 1 2 1
12 0 clueweb12-1905wb-50-03442 1 3 1
12 0 clueweb12-1908wb-13-06854 1 1 0
12 0 clueweb12-1908wb-36-13018 1 2 0
12 0 clueweb12-1909wb-74-12449 0 1 0
13 0 clueweb12-0006wb-55-35917 1 0 1
13 0 clueweb12-0007wb-12-02015 0 1 1
13 0 clueweb12-0009wb-15-29210 1 1 1
13 0 clueweb12-0013wb-09-11646 1 2 1
13 0 clueweb12-0101wb-06-01920 1 0 1
13 0 clueweb12-0308wb-15-27360 1 2 1
13 0 clueweb12-0401wb-82-14263 1 2 1
13 0 clueweb12-0816wb-24-07259 1 0 1
13 0 clueweb12-0816wb-29-15377 1 0 1
13 0 clueweb12-0816wb-29-15391 1 0 0
13 0 clueweb12-0816wb-40-11437 1 0 1
13 0 clueweb12-1006wb-01-12363 1 0 0
13 0 clueweb12-1006wb-83-24746 1 1 1
13 0 clueweb12-1007wb-22-16592 1 0 1
13 0 clueweb12-1007wb-25-06072 1 1 0
13 0 clueweb12-1007wb-29-31328 1 0 0
13 0 clueweb12-1100tw-64-10182 1 1 1
13 0 clueweb12-1116wb-71-15203 0 1 1
13 0 clueweb12-1700tw-15-11899 0 1 0
13 0 clueweb12-1906wb-34-06911 1 1 1
13 0 clueweb12-1906wb-42-21541 1 0 0
13 0 clueweb12-1906wb-51-11125 1 1 0
13 0 clueweb12-1906wb-52-23606 1 1 1
13 0 clueweb12-1906wb-69-03975 1 0 0
13 0 clueweb12-1906wb-69-04003 1 0 1
13 0 clueweb12-1910wb-16-22508 1 2 0
16 0 clueweb12-0000wb-17-30669 1 2 1
16 0 clueweb12-0001wb-57-33230 1 2 1
16 0 clueweb12-0006wb-44-28054 2 1 1
16 0 clueweb12-0006wb-55-24885 1 1 0
16 0 clueweb12-0010wb-64-15286 1 1 0
16 0 clueweb12-0012wb-49-24027 1 1 0
16 0 clueweb12-0100tw-14-21890 1 2 0
16 0 clueweb12-0100wb-47-25191 1 1 0
16 0 clueweb12-0101wb-48-00601 1 1 0
16 0 clueweb12-0103wb-21-03122 1 1 0
16 0 clueweb12-0108wb-25-00419 1 1 1
16 0 clueweb12-0108wb-29-33084 2 1 1
16 0 clueweb12-0109wb-70-26344 1 2 0
16 0 clueweb12-0109wb-98-26916 1 0 1
16 0 clueweb12-0110wb-30-27212 0 1 0
16 0 clueweb12-0111wb-40-21446 0 1 0
16 0 clueweb12-0111wb-57-30908 1 2 1
16 0 clueweb12-0111wb-66-16267 0 1 0
16 0 clueweb12-0112wb-08-27808 1 2 1
16 0 clueweb12-0112wb-35-32263 1 2 1
16 0 clueweb12-0112wb-60-27894 1 0 0
16 0 clueweb12-0200wb-56-17605 2 1 1
16 0 clueweb12-0201wb-34-00534 1 1 1
16 0 clueweb12-0202wb-61-31831 1 2 1
16 0 clueweb12-0205wb-40-06136 0 1 0
16 0 clueweb12-0206wb-74-30830 1 1 1
16 0 clueweb12-0206wb-75-01763 1 1 0
16 0 clueweb12-0208wb-78-01554 2 1 0
16 0 clueweb12-0209wb-79-26779 1 2 0
16 0 clueweb12-0211wb-44-05523 1 0 1
16 0 clueweb12-0302wb-59-07897 1 1 0
16 0 clueweb12-0307wb-32-07434 1 1 1
16 0 clueweb12-0400wb-37-26813 1 1 0
16 0 clueweb12-0402wb-49-14077 1 2 1
16 0 clueweb12-0405wb-22-24078 1 1 0
16 0 clueweb12-0407wb-58-13731 1 1 1
16 0 clueweb12-0409wb-11-25822 1 2 1
16 0 clueweb12-0409wb-28-05051 1 1 0
16 0 clueweb12-0409wb-91-07135 1 2 1
16 0 clueweb12-0411wb-56-28260 1 2 0
16 0 clueweb12-0500wb-94-22148 1 0 0
16 0 clueweb12-0501wb-11-20036 1 1 1
16 0 clueweb12-0503wb-97-17570 2 3 1
16 0 clueweb12-0505wb-74-34123 1 1 0
16 0 clueweb12-0505wb-74-35390 1 1 0
16 0 clueweb12-0506wb-08-05288 1 2 1
16 0 clueweb12-0507wb-98-14949 1 1 0
16 0 clueweb12-0510wb-83-09477 1 1 0
16 0 clueweb12-0511wb-00-14814 1 2 1
16 0 clueweb12-0601wb-52-04480 1 2 1
16 0 clueweb12-0602wb-77-13793 1 2 1
16 0 clueweb12-0605wb-34-23996 1 2 1
16 0 clueweb12-0607wb-28-09408 2 1 0
16 0 clueweb12-0608wb-38-24190 1 2 1
16 0 clueweb12-0612wb-28-26224 1 2 0
16 0 clueweb12-0700tw-05-20181 0 1 0
16 0 clueweb12-0709wb-47-05877 1 1 0
16 0 clueweb12-0709wb-87-15702 1 2 0
16 0 clueweb12-0712wb-56-22432 1 2 0
16 0 clueweb12-0800tw-48-07469 1 2 0
16 0 clueweb12-0800tw-73-16600 1 1 0
16 0 clueweb12-0816wb-89-17011 1 2 1
16 0 clueweb12-0913wb-40-15284 1 2 1
16 0 clueweb12-0913wb-42-25192 1 1 0
16 0 clueweb12-0917wb-63-14621 1 1 0
16 0 clueweb12-0917wb-71-12540 1 1 0
16 0 clueweb12-1007wb-10-19831 0 1 0
16 0 clueweb12-1011wb-31-32159 1 0 1
16 0 clueweb12-1013wb-04-17468 1 0 0
16 0 clueweb12-1015wb-14-29432 1 1 0
16 0 clueweb12-1015wb-18-18077 1 2 1
16 0 clueweb12-1117wb-73-14366 1 2 0
16 0 clueweb12-1117wb-80-26567 1 1 0
16 0 clueweb12-1216wb-96-24157 1 2 1
16 0 clueweb12-1301wb-51-02672 1 2 1
16 0 clueweb12-1305wb-95-08321 1 2 0
16 0 clueweb12-1313wb-61-13367 1 1 1
16 0 clueweb12-1400wb-61-23544 1 2 0
16 0 clueweb12-1401wb-99-04236 2 1 1
16 0 clueweb12-1404wb-30-05866 1 0 0
16 0 clueweb12-1406wb-68-24276 1 0 1
16 0 clueweb12-1407wb-35-13399 1 2 1
16 0 clueweb12-1410wb-26-03774 1 1 0
16 0 clueweb12-1411wb-29-13698 1 0 0
16 0 clueweb12-1512wb-12-06286 1 2 0
16 0 clueweb12-1700wb-01-07829 1 3 0
16 0 clueweb12-1705wb-87-17564 1 1 1
16 0 clueweb12-1707wb-91-02742 0 1 0
16 0 clueweb12-1708wb-47-12189 1 1 1
16 0 clueweb12-1800tw-00-15411 1 1 1
16 0 clueweb12-1814wb-06-13045 2 2 1
16 0 clueweb12-1814wb-08-09142 1 2 1
16 0 clueweb12-1900tw-21-06759 1 1 0
16 0 clueweb12-1900wb-58-19752 1 2 0
16 0 clueweb12-1910wb-73-30551 1 2 0
17 0 clueweb12-0007wb-60-34272 0 1 0
17 0 clueweb12-0007wb-91-14633 1 0 0
17 0 clueweb12-0010wb-15-16855 1 1 1
17 0 clueweb12-0010wb-59-21187 1 0 0
17 0 clueweb12-0011wb-79-19339 1 2 0
17 0 clueweb12-0100wb-71-16569 1 0 0
17 0 clueweb12-0102wb-93-27062 0 1 0
17 0 clueweb12-0104wb-64-18133 0 2 0
17 0 clueweb12-0108wb-54-31904 1 1 0
17 0 clueweb12-0203wb-98-28802 1 0 0
17 0 clueweb12-0209wb-21-17058 1 1 0
17 0 clueweb12-0300wb-02-09987 1 2 1
17 0 clueweb12-0301tw-20-21021 1 1 0
17 0 clueweb12-0301tw-37-12354 1 0 1
17 0 clueweb12-0301wb-22-15114 1 2 0
17 0 clueweb12-0303wb-35-09524 0 1 0
17 0 clueweb12-0305wb-30-16981 1 2 0
17 0 clueweb12-0305wb-46-30676 1 2 1
17 0 clueweb12-0305wb-69-04121 1 2 0
17 0 clueweb12-0403wb-92-27499 1 0 0
17 0 clueweb12-0405wb-54-30690 1 1 0
17 0 clueweb12-0509wb-43-08382 1 2 0
17 0 clueweb12-0600wb-88-28697 1 0 0
17 0 clueweb12-0600wb-94-07463 1 2 0
17 0 clueweb12-0601wb-33-02323 1 1 0
17 0 clueweb12-0602wb-17-01758 1 1 0
17 0 clueweb12-0611wb-44-26077 1 1 0
17 0 clueweb12-0701wb-51-20094 1 1 1
17 0 clueweb12-0708wb-44-17604 1 0 1
17 0 clueweb12-0715wb-39-19214 1 1 1
17 0 clueweb12-0716wb-21-08705 1 1 0
17 0 clueweb12-0807wb-11-07886 1 2 1
17 0 clueweb12-0913wb-73-21328 1 2 0
17 0 clueweb12-1112wb-21-05119 0 1 0
17 0 clueweb12-1503wb-61-10826 1 2 0
17 0 clueweb12-1509wb-38-21658 0 0 0
17 0 clueweb12-1512wb-60-16579 1 0 0
17 0 clueweb12-1514wb-71-01848 1 0 0
17 0 clueweb12-1514wb-75-05812 1 0 0
17 0 clueweb12-1704wb-93-16629 1 2 0
17 0 clueweb12-1713wb-03-30588 1 1 0
17 0 clueweb12-1713wb-18-22489 1 1 0
17 0 clueweb12-1713wb-33-14282 1 0 1
17 0 clueweb12-1714wb-79-23300 1 1 0
17 0 clueweb12-1800tw-17-08546 1 2 0
17 0 clueweb12-1802wb-07-18463 1 0 0
17 0 clueweb12-1804wb-39-21169 2 0 1
17 0 clueweb12-1804wb-57-19394 1 0 0
17 0 clueweb12-1805wb-81-03646 1 0 0
17 0 clueweb12-1805wb-95-00100 1 2 1
17 0 clueweb12-1806wb-87-25267 1 1 0
17 0 clueweb12-1807wb-52-01647 1 1 0
17 0 clueweb12-1809wb-11-22954 1 2 1
17 0 clueweb12-1811wb-89-20178 0 1 0
17 0 clueweb12-1900tw-06-13712 1 1 0
18 0 clueweb12-0002wb-00-26750 0 1 1
18 0 clueweb12-0211wb-91-13142 1 2 1
18 0 clueweb12-0303wb-52-13499 0 1 1
18 0 clueweb12-0312wb-02-08457 0 1 0
18 0 clueweb12-0505wb-38-20773 1 1 1
18 0 clueweb12-0815wb-29-00508 1 0 1
18 0 clueweb12-1001wb-98-05788 0 1 1
18 0 clueweb12-1900wb-84-23189 1 0 0
18 0 clueweb12-1910wb-38-09954 1 1 1
19 0 clueweb12-0000wb-09-17212 1 2 1
19 0 clueweb12-0001wb-71-04423 1 0 0
19 0 clueweb12-0006wb-17-29375 1 1 1
19 0 clueweb12-0007wb-70-02338 1 1 0
19 0 clueweb12-0011wb-43-20690 2 1 0
19 0 clueweb12-0104wb-68-34826 1 2 0
19 0 clueweb12-0105wb-48-32959 1 1 1
19 0 clueweb12-0105wb-77-19919 1 2 1
19 0 clueweb12-0107wb-67-02189 1 1 0
19 0 clueweb12-0109wb-46-01995 1 0 1
19 0 clueweb12-0109wb-55-28325 1 0 0
19 0 clueweb12-0109wb-90-14673 2 1 1
19 0 clueweb12-0111wb-26-03640 0 1 0
19 0 clueweb12-0111wb-70-05116 1 2 1
19 0 clueweb12-0200wb-25-06536 1 1 1
19 0 clueweb12-0204wb-06-28794 0 1 0
19 0 clueweb12-0204wb-11-24355 1 1 0
19 0 clueweb12-0205wb-95-16528 1 0 1
19 0 clueweb12-0206wb-44-17573 1 2 1
19 0 clueweb12-0206wb-59-30340 1 2 0
19 0 clueweb12-0207wb-24-15712 1 1 0
19 0 clueweb12-0207wb-49-22016 1 2 1
19 0 clueweb12-0208wb-54-31259 1 1 0
19 0 clueweb12-0301tw-18-09913 1 1 1
19 0 clueweb12-0302wb-32-15686 1 2 1
19 0 clueweb12-0305wb-03-09064 2 0 1
19 0 clueweb12-0306wb-47-22394 1 1 0
19 0 clueweb12-0308wb-34-05090 1 0 1
19 0 clueweb12-0401wb-94-40260 1 2 0
19 0 clueweb12-0406wb-67-23962 1 1 1
19 0 clueweb12-0408wb-43-01012 1 2 0
19 0 clueweb12-0409wb-04-05209 0 1 0
19 0 clueweb12-0410wb-12-16845 1 1 0
19 0 clueweb12-0410wb-22-08787 1 1 0
19 0 clueweb12-0502wb-15-05828 1 2 1
19 0 clueweb12-0600wb-36-11831 1 1 0
19 0 clueweb12-0606wb-98-10999 1 1 0
19 0 clueweb12-0805wb-55-18092 0 1 0
19 0 clueweb12-0815wb-71-03697 1 2 0
19 0 clueweb12-0907wb-57-11127 1 0 1
19 0 clueweb12-0908wb-47-32193 1 2 1
19 0 clueweb12-0916wb-93-23970 1 1 0
19 0 clueweb12-1001wb-55-30338 1 2 1
19 0 clueweb12-1007wb-26-05694 1 2 0
19 0 clueweb12-1020wb-53-08668 1 2 1
19 0 clueweb12-1100wb-42-17506 2 1 1
19 0 clueweb12-1104wb-01-09270 2 2 1
19 0 clueweb12-1108wb-07-07057 1 1 1
19 0 clueweb12-1116wb-77-01236 1 1 1
19 0 clueweb12-1210wb-42-11275 1 1 0
19 0 clueweb12-1400tw-74-16891 1 2 1
19 0 clueweb12-1410wb-11-01399 1 0 1
19 0 clueweb12-1501wb-44-08281 1 2 0
19 0 clueweb12-1506wb-53-27795 1 0 1
19 0 clueweb12-1600wb-68-22858 0 1 0
19 0 clueweb12-1603wb-30-26882 1 2 0
19 0 clueweb12-1604wb-61-20037 1 2 1
19 0 clueweb12-1611wb-41-13804 1 2 1
19 0 clueweb12-1714wb-04-14791 1 2 0
19 0 clueweb12-1715wb-05-06155 1 0 0
19 0 clueweb12-1803wb-38-03514 2 1 1
19 0 clueweb12-1803wb-50-10344 1 0 0
19 0 clueweb12-1803wb-70-04994 2 1 0
19 0 clueweb12-1804wb-02-27725 1 2 1
19 0 clueweb12-1804wb-12-31962 1 2 1
19 0 clueweb12-1804wb-50-09183 1 0 1
19 0 clueweb12-1807wb-13-11724 1 2 0
19 0 clueweb12-1807wb-82-27458 1 1 0
19 0 clueweb12-1902wb-45-09233 0 1 0
19 0 clueweb12-1905wb-19-19047 2 1 0
20 0 clueweb12-0001wb-30-36875 1 2 1
20 0 clueweb12-0103wb-27-27063 1 2 1
20 0 clueweb12-0200wb-17-01262 1 2 0
20 0 clueweb12-0303wb-94-14973 1 1 1
20 0 clueweb12-0508wb-23-22135 1 1 1
20 0 clueweb12-0703wb-95-22263 1 2 1
22 0 clueweb12-0813wb-64-03941 1 2 0
22 0 clueweb12-1508wb-10-05601 1 1 0
27 0 clueweb12-0001wb-00-27962 1 1 1
27 0 clueweb12-0102wb-22-19001 1 0 1
27 0 clueweb12-1004wb-76-32506 1 0 0
27 0 clueweb12-1506wb-18-13431 1 2 0
28 0 clueweb12-0000tw-48-17466 0 1 0
28 0 clueweb12-0000wb-02-07606 1 2 0
28 0 clueweb12-0000wb-53-12705 2 1 1
28 0 clueweb12-0000wb-90-29795 1 2 1
28 0 clueweb12-0000wb-91-24292 2 1 0
28 0 clueweb12-0001wb-06-04775 2 1 1
28 0 clueweb12-0001wb-15-04045 1 1 0
28 0 clueweb12-0002wb-60-24711 1 1 0
28 0 clueweb12-0002wb-98-09034 1 1 1
28 0 clueweb12-0003wb-15-06189 1 1 1
28 0 clueweb12-0007wb-42-18163 1 2 1
28 0 clueweb12-0011wb-34-19294 1 2 1
28 0 clueweb12-0102wb-54-11563 1 1 0
28 0 clueweb12-0103wb-53-01723 1 0 1
28 0 clueweb12-0106wb-30-04924 2 2 1
28 0 clueweb12-0108wb-80-01372 1 0 0
28 0 clueweb12-0109wb-23-03446 1 1 1
28 0 clueweb12-0111wb-53-19797 1 1 0
28 0 clueweb12-0201wb-18-17999 1 1 0
28 0 clueweb12-0201wb-36-26737 2 1 1
28 0 clueweb12-0201wb-71-23682 1 2 1
28 0 clueweb12-0204wb-30-24583 1 2 1
28 0 clueweb12-0206wb-56-19520 1 1 1
28 0 clueweb12-0208wb-61-00139 1 1 1
28 0 clueweb12-0211wb-40-20904 1 2 1
28 0 clueweb12-0300tw-10-18915 1 0 0
28 0 clueweb12-0301wb-66-04927 1 0 0
28 0 clueweb12-0408wb-64-18302 2 1 0
28 0 clueweb12-0411wb-34-21443 1 2 1
28 0 clueweb12-0601wb-34-22646 1 2 1
28 0 clueweb12-0608wb-13-04304 1 2 0
28 0 clueweb12-0609wb-06-21386 2 1 1
28 0 clueweb12-0610wb-18-19826 1 1 1
28 0 clueweb12-0610wb-70-07511 2 1 1
28 0 clueweb12-0807wb-34-02263 1 2 0
28 0 clueweb12-0816wb-92-14113 1 2 1
28 0 clueweb12-0905wb-23-12776 2 1 1
28 0 clueweb12-0914wb-01-16995 1 1 0
28 0 clueweb12-0916wb-45-02758 1 1 0
28 0 clueweb12-1011wb-89-16485 1 2 1
28 0 clueweb12-1013wb-45-13017 1 2 1
28 0 clueweb12-1117wb-33-21160 1 2 1
28 0 clueweb12-1202wb-83-30241 1 2 1
28 0 clueweb12-1202wb-99-21131 2 1 1
28 0 clueweb12-1210wb-71-01763 1 3 1
28 0 clueweb12-1210wb-84-07339 1 2 1
28 0 clueweb12-1213wb-02-16910 1 2 1
28 0 clueweb12-1402wb-48-02124 1 2 1
28 0 clueweb12-1403wb-04-25578 1 1 1
28 0 clueweb12-1504wb-30-12586 1 1 1
28 0 clueweb12-1505wb-40-18203 1 1 1
28 0 clueweb12-1506wb-24-08025 0 1 0
28 0 clueweb12-1600tw-31-09005 1 2 1
28 0 clueweb12-1601wb-47-24177 1 1 1
28 0 clueweb12-1700wb-65-11792 1 2 1
28 0 clueweb12-1800tw-11-01450 0 0 1
28 0 clueweb12-1801wb-53-12605 1 1 1
28 0 clueweb12-1803wb-62-22285 1 0 0
28 0 clueweb12-1806wb-95-15504 1 1 0
28 0 clueweb12-1807wb-81-13989 1 1 0
28 0 clueweb12-1900tw-06-01880 1 0 0
28 0 clueweb12-1900tw-11-03447 1 1 0
28 0 clueweb12-1911wb-13-05264 1 2 0
29 0 clueweb12-0001wb-59-15295 1 1 1
29 0 clueweb12-0004wb-05-25834 2 1 1
29 0 clueweb12-0005wb-81-17137 1 2 0
29 0 clueweb12-0006wb-45-32325 1 1 0
29 0 clueweb12-0007wb-79-13151 1 2 1
29 0 clueweb12-0007wb-99-17617 1 2 0
29 0 clueweb12-0013wb-22-06020 0 1 0
29 0 clueweb12-0103wb-88-28493 1 2 0
29 0 clueweb12-0105wb-96-11619 1 1 0
29 0 clueweb12-0108wb-55-30288 1 2 1
29 0 clueweb12-0110wb-78-23026 2 3 1
29 0 clueweb12-0111wb-81-20012 1 1 0
29 0 clueweb12-0201wb-02-16683 1 1 0
29 0 clueweb12-0201wb-75-02491 2 3 1
29 0 clueweb12-0202wb-09-33833 1 1 1
29 0 clueweb12-0203wb-85-06971 1 1 1
29 0 clueweb12-0204wb-78-08307 1 2 1
29 0 clueweb12-0211wb-03-07611 1 2 1
29 0 clueweb12-0211wb-48-08516 1 1 0
29 0 clueweb12-0301wb-32-02612 1 0 0
29 0 clueweb12-0302wb-06-02929 1 2 1
29 0 clueweb12-0303wb-80-29345 0 1 0
29 0 clueweb12-0311wb-13-34101 1 1 1
29 0 clueweb12-0311wb-31-08626 2 2 1
29 0 clueweb12-0311wb-90-26694 1 1 0
29 0 clueweb12-0400wb-26-26266 1 2 0
29 0 clueweb12-0400wb-33-05408 1 2 1
29 0 clueweb12-0401wb-97-02625 1 1 0
29 0 clueweb12-0403wb-13-21832 1 1 0
29 0 clueweb12-0403wb-81-25139 2 1 1
29 0 clueweb12-0406wb-33-09538 2 1 1
29 0 clueweb12-0406wb-48-02060 1 2 0
29 0 clueweb12-0502wb-91-13351 1 2 0
29 0 clueweb12-0502wb-94-21210 1 1 0
29 0 clueweb12-0508wb-19-18709 1 1 1
29 0 clueweb12-0602wb-45-24390 2 1 1
29 0 clueweb12-0605wb-92-32769 1 1 1
29 0 clueweb12-0607wb-50-03342 1 2 1
29 0 clueweb12-0700wb-29-00379 1 2 1
29 0 clueweb12-0800wb-02-09033 1 2 1
29 0 clueweb12-0800wb-45-02611 1 2 1
29 0 clueweb12-0805wb-91-29349 1 1 1
29 0 clueweb12-0806wb-20-11779 1 1 1
29 0 clueweb12-0806wb-73-17027 1 2 1
29 0 clueweb12-0807wb-84-15153 1 2 1
29 0 clueweb12-0814wb-37-10396 1 1 1
29 0 clueweb12-0815wb-26-07796 0 1 0
29 0 clueweb12-0916wb-36-10926 2 3 1
29 0 clueweb12-0917wb-91-04377 1 1 1
29 0 clueweb12-1006wb-17-05472 0 1 0
29 0 clueweb12-1111wb-45-13323 1 1 0
29 0 clueweb12-1211wb-42-20485 1 2 1
29 0 clueweb12-1216wb-24-22100 1 2 1
29 0 clueweb12-1312wb-32-08575 1 1 0
29 0 clueweb12-1401wb-22-29495 1 1 1
29 0 clueweb12-1409wb-81-10930 1 0 1
29 0 clueweb12-1412wb-05-01110 1 2 0
29 0 clueweb12-1501wb-55-20579 1 2 0
29 0 clueweb12-1504wb-32-26583 1 2 0
29 0 clueweb12-1506wb-18-13431 1 1 1
29 0 clueweb12-1514wb-34-12411 1 1 0
29 0 clueweb12-1515wb-53-04779 1 1 1
29 0 clueweb12-1601wb-40-24056 1 1 1
29 0 clueweb12-1602wb-94-08748 1 2 1
29 0 clueweb12-1613wb-05-05969 0 1 0
29 0 clueweb12-1704wb-04-15782 1 1 0
29 0 clueweb12-1805wb-87-31979 1 1 0
29 0 clueweb12-1806wb-56-25622 1 1 0
29 0 clueweb12-1814wb-32-08354 1 0 0
29 0 clueweb12-1907wb-31-12397 1 2 0
29 0 clueweb12-1910wb-01-27042 0 0 0
29 0 clueweb12-1913wb-57-05275 1 2 0
32 0 clueweb12-0002wb-34-36417 1 2 1
32 0 clueweb12-0002wb-77-01819 0 1 0
32 0 clueweb12-0002wb-90-13341 1 1 0
32 0 clueweb12-0002wb-92-17181 1 1 0
32 0 clueweb12-0003wb-08-21092 1 1 0
32 0 clueweb12-0010wb-72-18702 1 2 1
32 0 clueweb12-0013wb-15-08265 1 2 1
32 0 clueweb12-0013wb-33-03136 1 2 1
32 0 clueweb12-0103wb-93-13104 0 1 0
32 0 clueweb12-0105wb-20-15686 1 1 1
32 0 clueweb12-0204wb-84-22346 1 1 0
32 0 clueweb12-0207wb-80-18036 1 1 0
32 0 clueweb12-0211wb-08-12740 1 1 0
32 0 clueweb12-0301wb-02-19391 0 1 0
32 0 clueweb12-0301wb-13-24429 1 0 1
32 0 clueweb12-0305wb-53-22300 1 0 1
32 0 clueweb12-0307wb-07-19297 1 1 1
32 0 clueweb12-0308wb-20-12255 1 2 0
32 0 clueweb12-0310wb-00-23902 0 1 1
32 0 clueweb12-0508wb-90-19920 2 1 0
32 0 clueweb12-0512wb-63-07008 1 0 1
32 0 clueweb12-0602wb-53-33086 1 2 1
32 0 clueweb12-0607wb-46-33362 0 0 1
32 0 clueweb12-0703wb-35-22571 1 1 0
32 0 clueweb12-0703wb-84-11152 1 2 0
32 0 clueweb12-0816wb-91-15995 1 2 1
32 0 clueweb12-1012wb-49-31047 0 1 0
32 0 clueweb12-1218wb-43-12011 1 0 1
32 0 clueweb12-1308wb-49-29657 0 1 0
32 0 clueweb12-1403wb-70-29416 1 1 0
32 0 clueweb12-1412wb-47-18757 1 1 0
32 0 clueweb12-1506wb-21-29907 1 1 1
32 0 clueweb12-1607wb-17-09778 1 0 1
32 0 clueweb12-1607wb-51-05566 1 2 1
32 0 clueweb12-1615wb-72-08340 1 1 0
32 0 clueweb12-1707wb-05-19815 1 1 0
32 0 clueweb12-1707wb-39-08516 1 1 1
32 0 clueweb12-1714wb-79-28394 2 1 0
32 0 clueweb12-1908wb-48-30639 1 2 0
33 0 clueweb12-0002wb-25-13434 2 1 1
33 0 clueweb12-0006wb-79-27888 1 0 0
33 0 clueweb12-0008wb-19-14681 1 2 1
33 0 clueweb12-0008wb-53-01147 1 1 0
33 0 clueweb12-0009wb-79-16215 2 1 1
33 0 clueweb12-0010wb-43-20074 2 1 0
33 0 clueweb12-0011wb-08-12255 1 1 0
33 0 clueweb12-0101wb-84-13517 1 2 1
33 0 clueweb12-0102wb-00-26369 1 2 0
33 0 clueweb12-0102wb-00-26383 2 3 1
33 0 clueweb12-0102wb-09-25570 2 1 1
33 0 clueweb12-0102wb-20-03079 2 3 1
33 0 clueweb12-0102wb-20-19028 1 2 1
33 0 clueweb12-0102wb-29-21686 1 2 1
33 0 clueweb12-0102wb-29-21700 1 1 0
33 0 clueweb12-0102wb-38-28692 2 1 0
33 0 clueweb12-0102wb-48-02015 1 2 1
33 0 clueweb12-0102wb-48-02029 1 2 1
33 0 clueweb12-0102wb-66-25774 1 1 0
33 0 clueweb12-0102wb-73-16349 1 2 1
33 0 clueweb12-0102wb-80-32317 1 1 0
33 0 clueweb12-0102wb-90-01875 1 2 1
33 0 clueweb12-0102wb-99-04839 1 1 0
33 0 clueweb12-0103wb-08-07105 1 2 1
33 0 clueweb12-0103wb-17-13791 1 2 1
33 0 clueweb12-0103wb-17-13805 2 1 1
33 0 clueweb12-0103wb-28-02367 1 2 1
33 0 clueweb12-0103wb-38-31998 2 1 1
33 0 clueweb12-0103wb-43-29180 1 2 1
33 0 clueweb12-0103wb-51-19343 1 1 0
33 0 clueweb12-0103wb-59-17943 1 2 1
33 0 clueweb12-0103wb-66-18725 1 2 1
33 0 clueweb12-0103wb-66-18739 1 1 0
33 0 clueweb12-0103wb-75-16461 1 1 0
33 0 clueweb12-0103wb-84-05075 1 2 1
33 0 clueweb12-0103wb-94-30455 1 2 1
33 0 clueweb12-0104wb-03-27714 2 1 1
33 0 clueweb12-0104wb-12-14816 1 2 0
33 0 clueweb12-0104wb-20-34497 1 2 0
33 0 clueweb12-0104wb-42-29717 2 1 1
33 0 clueweb12-0104wb-51-02071 1 2 1
33 0 clueweb12-0104wb-56-00267 1 2 0
33 0 clueweb12-0104wb-56-00281 1 2 1
33 0 clueweb12-0104wb-64-26002 1 2 0
33 0 clueweb12-0104wb-73-08784 1 2 1
33 0 clueweb12-0104wb-93-15874 2 1 0
33 0 clueweb12-0105wb-01-27197 1 2 1
33 0 clueweb12-0105wb-14-16838 1 2 1
33 0 clueweb12-0105wb-30-04102 1 1 1
33 0 clueweb12-0105wb-38-05741 2 1 1
33 0 clueweb12-0105wb-46-05180 2 1 0
33 0 clueweb12-0105wb-57-21151 1 2 1
33 0 clueweb12-0105wb-73-34856 2 1 1
33 0 clueweb12-0105wb-73-34870 1 1 0
33 0 clueweb12-0105wb-83-20076 1 2 1
33 0 clueweb12-0105wb-91-26392 1 2 1
33 0 clueweb12-0105wb-99-06623 2 1 1
33 0 clueweb12-0108wb-31-10327 1 2 1
33 0 clueweb12-0109wb-40-27408 1 0 1
33 0 clueweb12-0109wb-77-12758 1 1 1
33 0 clueweb12-0112wb-01-32206 1 2 0
33 0 clueweb12-0112wb-28-14712 1 0 1
33 0 clueweb12-0112wb-62-08863 0 1 0
33 0 clueweb12-0112wb-66-19065 1 2 1
33 0 clueweb12-0200tw-65-00716 2 1 1
33 0 clueweb12-0200wb-19-07713 1 2 1
33 0 clueweb12-0200wb-32-02469 1 1 0
33 0 clueweb12-0200wb-51-16917 1 0 1
33 0 clueweb12-0201wb-14-19711 1 0 0
33 0 clueweb12-0202wb-53-11239 1 1 0
33 0 clueweb12-0202wb-62-23021 1 0 0
33 0 clueweb12-0202wb-63-19321 0 1 0
33 0 clueweb12-0202wb-91-09901 2 1 0
33 0 clueweb12-0202wb-99-25020 1 2 1
33 0 clueweb12-0203wb-28-29605 1 1 0
33 0 clueweb12-0203wb-28-29619 2 3 1
33 0 clueweb12-0203wb-41-33392 2 2 1
33 0 clueweb12-0203wb-43-04273 1 2 0
33 0 clueweb12-0203wb-89-22949 1 2 0
33 0 clueweb12-0203wb-89-22963 2 1 0
33 0 clueweb12-0204wb-82-30315 1 1 0
33 0 clueweb12-0204wb-86-17049 1 2 0
33 0 clueweb12-0205wb-23-12306 1 0 0
33 0 clueweb12-0205wb-25-28711 1 0 0
33 0 clueweb12-0205wb-30-29826 1 2 0
33 0 clueweb12-0205wb-41-03293 1 1 0
33 0 clueweb12-0210wb-41-24409 1 0 0
33 0 clueweb12-0301wb-21-12559 2 1 1
33 0 clueweb12-0301wb-67-12853 0 1 0
33 0 clueweb12-0303wb-17-34410 1 0 0
33 0 clueweb12-0303wb-35-16977 1 2 0
33 0 clueweb12-0303wb-91-16134 2 1 0
33 0 clueweb12-0305wb-17-13115 2 1 0
33 0 clueweb12-0400wb-21-19999 1 2 0
33 0 clueweb12-0400wb-51-09569 1 2 0
33 0 clueweb12-0408wb-45-04147 1 2 1
33 0 clueweb12-0408wb-58-23346 1 2 0
33 0 clueweb12-0409wb-17-00777 2 1 0
33 0 clueweb12-0411wb-42-30216 0 1 0
33 0 clueweb12-0500tw-06-12157 1 1 0
33 0 clueweb12-0506wb-09-03258 2 3 1
33 0 clueweb12-0508wb-24-17828 1 1 1
33 0 clueweb12-0602wb-04-19572 1 2 1
33 0 clueweb12-0700tw-57-16091 1 2 0
33 0 clueweb12-0712wb-30-04047 1 1 0
33 0 clueweb12-0800tw-45-25044 1 1 0
33 0 clueweb12-0806wb-44-23109 1 2 1
33 0 clueweb12-0813wb-46-19924 1 1 1
33 0 clueweb12-0813wb-72-25439 0 1 0
33 0 clueweb12-0814wb-64-18266 1 0 0
33 0 clueweb12-0815wb-93-19924 1 1 0
33 0 clueweb12-0816wb-13-14960 0 1 0
33 0 clueweb12-0816wb-24-14619 1 1 0
33 0 clueweb12-0816wb-82-18739 0 1 0
33 0 clueweb12-0818wb-54-10580 1 1 0
33 0 clueweb12-0904wb-51-19158 1 1 1
33 0 clueweb12-0904wb-69-16661 1 1 0
33 0 clueweb12-0905wb-04-08054 1 0 0
33 0 clueweb12-0905wb-92-17622 1 1 0
33 0 clueweb12-0905wb-99-12977 1 0 0
33 0 clueweb12-0913wb-09-06615 1 0 1
33 0 clueweb12-0913wb-50-06443 1 2 0
33 0 clueweb12-0915wb-31-17937 0 1 0
33 0 clueweb12-0916wb-72-10182 0 1 0
33 0 clueweb12-0918wb-00-07315 2 1 0
33 0 clueweb12-0918wb-58-28981 0 1 0
33 0 clueweb12-1000tw-52-12283 1 1 1
33 0 clueweb12-1017wb-41-19517 2 1 1
33 0 clueweb12-1021wb-19-16416 1 1 1
33 0 clueweb12-1100wb-36-08283 1 1 0
33 0 clueweb12-1100wb-36-08297 1 1 0
33 0 clueweb12-1100wb-58-28565 1 1 0
33 0 clueweb12-1101wb-17-12775 1 1 0
33 0 clueweb12-1101wb-72-20261 1 2 0
33 0 clueweb12-1112wb-69-09626 1 1 1
33 0 clueweb12-1112wb-77-33358 1 2 0
33 0 clueweb12-1113wb-63-02346 1 2 1
33 0 clueweb12-1115wb-83-30404 1 0 1
33 0 clueweb12-1116wb-35-34741 2 1 0
33 0 clueweb12-1204wb-17-26245 1 1 1
33 0 clueweb12-1205wb-28-04747 1 0 0
33 0 clueweb12-1205wb-81-18650 0 1 0
33 0 clueweb12-1214wb-07-03275 1 0 0
33 0 clueweb12-1214wb-37-17221 2 3 1
33 0 clueweb12-1214wb-81-11183 1 2 0
33 0 clueweb12-1215wb-27-26250 2 1 1
33 0 clueweb12-1215wb-76-13942 2 1 0
33 0 clueweb12-1215wb-82-22504 1 1 1
33 0 clueweb12-1215wb-87-18892 0 1 0
33 0 clueweb12-1216wb-50-02281 0 0 0
33 0 clueweb12-1217wb-49-04905 1 2 0
33 0 clueweb12-1300wb-00-22051 1 1 0
33 0 clueweb12-1303wb-05-08595 1 1 0
33 0 clueweb12-1303wb-05-08609 1 2 1
33 0 clueweb12-1303wb-11-26379 1 2 0
33 0 clueweb12-1303wb-16-16621 2 1 0
33 0 clueweb12-1401wb-99-14540 1 2 0
33 0 clueweb12-1405wb-00-16908 1 2 0
33 0 clueweb12-1415wb-04-14252 1 0 0
33 0 clueweb12-1416wb-01-05756 1 2 0
33 0 clueweb12-1501wb-98-03276 0 1 0
33 0 clueweb12-1503wb-60-22198 1 0 1
33 0 clueweb12-1503wb-89-23957 0 1 0
33 0 clueweb12-1504wb-17-27886 1 0 0
33 0 clueweb12-1504wb-22-19838 1 0 1
33 0 clueweb12-1504wb-33-06616 1 0 1
33 0 clueweb12-1504wb-84-21123 1 2 0
33 0 clueweb12-1504wb-94-11239 1 0 0
33 0 clueweb12-1505wb-29-25929 2 1 1
33 0 clueweb12-1505wb-73-29821 2 1 1
33 0 clueweb12-1507wb-88-13433 1 0 0
33 0 clueweb12-1511wb-67-14555 1 2 1
33 0 clueweb12-1512wb-06-00904 1 1 0
33 0 clueweb12-1512wb-43-05037 1 2 1
33 0 clueweb12-1602wb-80-22485 1 2 1
33 0 clueweb12-1612wb-23-04829 2 1 0
33 0 clueweb12-1612wb-45-05720 1 2 1
33 0 clueweb12-1612wb-51-14781 1 2 1
33 0 clueweb12-1612wb-91-16379 1 1 0
33 0 clueweb12-1612wb-95-25645 1 2 0
33 0 clueweb12-1613wb-06-12351 1 0 0
33 0 clueweb12-1613wb-10-26516 1 1 1
33 0 clueweb12-1613wb-11-00258 0 1 0
33 0 clueweb12-1613wb-36-14393 1 2 0
33 0 clueweb12-1613wb-44-14824 1 2 0
33 0 clueweb12-1613wb-62-05721 1 1 0
33 0 clueweb12-1613wb-62-12471 2 3 1
33 0 clueweb12-1613wb-64-26406 1 1 0
33 0 clueweb12-1613wb-71-00027 1 2 1
33 0 clueweb12-1614wb-04-27324 2 1 0
33 0 clueweb12-1614wb-20-00854 2 1 0
33 0 clueweb12-1614wb-35-10868 1 1 0
33 0 clueweb12-1700wb-91-13104 1 2 0
33 0 clueweb12-1704wb-80-08648 1 2 1
33 0 clueweb12-1705wb-98-08534 1 1 1
33 0 clueweb12-1715wb-03-12818 1 0 1
33 0 clueweb12-1802wb-15-02301 2 1 1
33 0 clueweb12-1802wb-59-08954 2 2 1
33 0 clueweb12-1803wb-72-13701 0 1 0
33 0 clueweb12-1805wb-50-24334 1 0 1
33 0 clueweb12-1805wb-66-21036 2 1 0
33 0 clueweb12-1805wb-74-04663 1 1 0
33 0 clueweb12-1808wb-67-09148 1 1 1
33 0 clueweb12-1808wb-91-01004 1 1 0
33 0 clueweb12-1900tw-54-13198 1 2 0
33 0 clueweb12-1900wb-23-32007 2 1 1
33 0 clueweb12-1901wb-05-24427 1 2 0
33 0 clueweb12-1902wb-45-11659 1 0 0
33 0 clueweb12-1903wb-00-27033 2 3 1
33 0 clueweb12-1903wb-03-10123 1 2 0
33 0 clueweb12-1904wb-05-06278 1 1 1
33 0 clueweb12-1904wb-19-03578 1 2 0
33 0 clueweb12-1904wb-28-06389 2 1 1
33 0 clueweb12-1904wb-30-11344 2 1 1
33 0 clueweb12-1904wb-33-05836 2 1 0
33 0 clueweb12-1904wb-35-10087 1 1 0
33 0 clueweb12-1904wb-38-04814 2 1 1
33 0 clueweb12-1904wb-38-04828 2 1 1
33 0 clueweb12-1904wb-42-11157 2 1 0
33 0 clueweb12-1904wb-42-11171 1 2 1
33 0 clueweb12-1904wb-45-04880 2 1 0
33 0 clueweb12-1904wb-47-08299 1 2 1
33 0 clueweb12-1904wb-51-10934 1 2 1
33 0 clueweb12-1904wb-51-10948 2 1 0
33 0 clueweb12-1904wb-54-01337 1 1 0
33 0 clueweb12-1904wb-55-05142 1 1 0
33 0 clueweb12-1904wb-56-08957 2 1 0
33 0 clueweb12-1904wb-60-07545 2 1 1
33 0 clueweb12-1904wb-60-07559 1 2 1
33 0 clueweb12-1904wb-62-11095 1 1 0
33 0 clueweb12-1904wb-62-11109 1 2 0
33 0 clueweb12-1904wb-75-11699 1 1 1
33 0 clueweb12-1904wb-75-11713 1 2 1
33 0 clueweb12-1904wb-78-04030 1 2 1
33 0 clueweb12-1904wb-80-06489 1 2 1
33 0 clueweb12-1904wb-82-08464 1 2 1
33 0 clueweb12-1904wb-82-08478 2 1 1
33 0 clueweb12-1904wb-84-11775 1 2 1
33 0 clueweb12-1904wb-84-11789 2 1 1
33 0 clueweb12-1904wb-87-05242 1 2 1
33 0 clueweb12-1904wb-96-05451 1 2 1
33 0 clueweb12-1908wb-54-29916 1 2 0
33 0 clueweb12-1909wb-81-20815 1 0 1
33 0 clueweb12-1910wb-24-04736 1 2 0
34 0 clueweb12-0000wb-77-20043 1 2 1
34 0 clueweb12-0002wb-00-26750 1 0 1
34 0 clueweb12-0002wb-92-17531 1 1 1
34 0 clueweb12-0004wb-19-24136 1 1 0
34 0 clueweb12-0007wb-39-31599 2 1 0
34 0 clueweb12-0009wb-80-00685 1 2 0
34 0 clueweb12-0010wb-76-09048 1 2 1
34 0 clueweb12-0013wb-06-23932 1 2 0
34 0 clueweb12-0102wb-65-18961 1 1 0
34 0 clueweb12-0103wb-76-04466 2 1 1
34 0 clueweb12-0106wb-68-16768 1 2 1
34 0 clueweb12-0109wb-25-10775 2 1 0
34 0 clueweb12-0109wb-54-20072 1 1 1
34 0 clueweb12-0111wb-51-21549 2 1 1
34 0 clueweb12-0204wb-02-13323 1 2 1
34 0 clueweb12-0204wb-55-20641 1 2 1
34 0 clueweb12-0204wb-70-02193 1 1 0
34 0 clueweb12-0205wb-94-15877 1 2 0
34 0 clueweb12-0205wb-95-27137 1 2 1
34 0 clueweb12-0208wb-36-05449 2 3 1
34 0 clueweb12-0209wb-59-12258 1 0 1
34 0 clueweb12-0210wb-88-01764 1 1 0
34 0 clueweb12-0300wb-05-23381 0 1 0
34 0 clueweb12-0303wb-93-29132 1 2 0
34 0 clueweb12-0305wb-21-03505 1 2 1
34 0 clueweb12-0312wb-02-08457 2 1 0
34 0 clueweb12-0400wb-91-17844 1 2 1
34 0 clueweb12-0403wb-17-34562 1 2 1
34 0 clueweb12-0403wb-94-25974 2 1 1
34 0 clueweb12-0406wb-97-26165 2 3 1
34 0 clueweb12-0503wb-47-03045 1 2 1
34 0 clueweb12-0505wb-38-20773 1 1 0
34 0 clueweb12-0603wb-45-01180 1 2 1
34 0 clueweb12-0603wb-45-09407 1 2 1
34 0 clueweb12-0703wb-05-02392 1 2 1
34 0 clueweb12-0713wb-59-22233 1 2 1
34 0 clueweb12-0910wb-36-19880 1 1 0
34 0 clueweb12-0913wb-47-13214 1 2 1
34 0 clueweb12-1107wb-06-10054 1 0 1
34 0 clueweb12-1107wb-89-07489 1 2 0
34 0 clueweb12-1114wb-70-00433 1 2 0
34 0 clueweb12-1117wb-72-05881 1 2 1
34 0 clueweb12-1200wb-75-12920 1 2 1
34 0 clueweb12-1205wb-35-14567 1 2 0
34 0 clueweb12-1211wb-04-15144 1 1 1
34 0 clueweb12-1314wb-66-19247 2 2 0
34 0 clueweb12-1413wb-33-06622 1 2 1
34 0 clueweb12-1414wb-32-16512 1 2 0
34 0 clueweb12-1508wb-82-16158 1 0 1
34 0 clueweb12-1510wb-17-07154 1 1 1
34 0 clueweb12-1611wb-98-33244 1 1 1
34 0 clueweb12-1714wb-00-16532 1 2 1
34 0 clueweb12-1714wb-88-08270 1 1 1
34 0 clueweb12-1810wb-52-03073 1 1 0
34 0 clueweb12-1900wb-55-18965 1 2 0
34 0 clueweb12-1904wb-17-11589 1 2 0
34 0 clueweb12-1904wb-29-03873 1 2 1
34 0 clueweb12-1908wb-86-26047 2 1 1
34 0 clueweb12-1910wb-38-09954 1 2 1
36 0 clueweb12-0000wb-01-00711 1 0 0
36 0 clueweb12-0001wb-20-03066 1 2 1
36 0 clueweb12-0001wb-42-03668 2 1 1
36 0 clueweb12-0002wb-36-05740 1 0 0
36 0 clueweb12-0002wb-82-08801 1 2 0
36 0 clueweb12-0004wb-65-10868 1 1 0
36 0 clueweb12-0005wb-87-25133 1 0 1
36 0 clueweb12-0011wb-57-00154 1 0 1
36 0 clueweb12-0011wb-69-11995 1 2 1
36 0 clueweb12-0011wb-98-32925 1 1 0
36 0 clueweb12-0101wb-39-32632 0 0 0
36 0 clueweb12-0103wb-93-30470 1 2 1
36 0 clueweb12-0104wb-71-17580 1 0 1
36 0 clueweb12-0105wb-17-27150 2 1 1
36 0 clueweb12-0105wb-77-03687 1 3 1
36 0 clueweb12-0105wb-82-02380 2 3 1
36 0 clueweb12-0106wb-25-25404 1 2 1
36 0 clueweb12-0106wb-33-09133 1 2 1
36 0 clueweb12-0106wb-85-00209 1 1 1
36 0 clueweb12-0106wb-99-25175 1 2 1
36 0 clueweb12-0107wb-17-08518 1 2 1
36 0 clueweb12-0108wb-18-21090 1 1 0
36 0 clueweb12-0109wb-12-13501 2 1 1
36 0 clueweb12-0109wb-14-25779 1 1 0
36 0 clueweb12-0112wb-35-15691 1 1 1
36 0 clueweb12-0200wb-13-02256 2 2 1
36 0 clueweb12-0202wb-81-24723 1 2 0
36 0 clueweb12-0205wb-01-27714 1 1 1
36 0 clueweb12-0205wb-24-09745 1 2 1
36 0 clueweb12-0206wb-68-21142 1 1 0
36 0 clueweb12-0208wb-24-25701 2 1 1
36 0 clueweb12-0208wb-34-10097 1 1 0
36 0 clueweb12-0210wb-47-33662 2 3 1
36 0 clueweb12-0210wb-69-19425 2 1 0
36 0 clueweb12-0300wb-63-22174 2 1 1
36 0 clueweb12-0300wb-66-10095 1 2 0
36 0 clueweb12-0300wb-73-30103 1 2 1
36 0 clueweb12-0300wb-94-05419 1 1 0
36 0 clueweb12-0301tw-20-07148 2 1 1
36 0 clueweb12-0301wb-18-02797 1 2 0
36 0 clueweb12-0301wb-18-12068 1 2 1
36 0 clueweb12-0302wb-39-26447 2 1 0
36 0 clueweb12-0307wb-35-19280 2 3 1
36 0 clueweb12-0400tw-17-06617 1 1 0
36 0 clueweb12-0400tw-66-23642 1 2 0
36 0 clueweb12-0400wb-98-06748 1 1 0
36 0 clueweb12-0403wb-00-24768 1 0 0
36 0 clueweb12-0403wb-39-31132 1 2 1
36 0 clueweb12-0403wb-80-11895 2 1 1
36 0 clueweb12-0404wb-37-16267 0 1 0
36 0 clueweb12-0404wb-86-13443 0 1 0
36 0 clueweb12-0406wb-08-07906 1 2 1
36 0 clueweb12-0409wb-20-08548 1 0 0
36 0 clueweb12-0409wb-36-08959 1 2 1
36 0 clueweb12-0410wb-33-32162 2 1 1
36 0 clueweb12-0411wb-29-07125 2 3 1
36 0 clueweb12-0412wb-15-07073 1 1 0
36 0 clueweb12-0501wb-65-10297 1 2 1
36 0 clueweb12-0508wb-85-07232 1 2 1
36 0 clueweb12-0509wb-65-19583 2 3 1
36 0 clueweb12-0601wb-52-24965 2 1 1
36 0 clueweb12-0602wb-61-20481 2 1 1
36 0 clueweb12-0604wb-13-24221 2 3 1
36 0 clueweb12-0605wb-39-15919 1 2 1
36 0 clueweb12-0605wb-64-06841 1 2 1
36 0 clueweb12-0703wb-83-19670 1 1 0
36 0 clueweb12-0710wb-44-22964 2 3 1
36 0 clueweb12-0712wb-93-18562 2 1 1
36 0 clueweb12-0714wb-19-00027 1 1 0
36 0 clueweb12-0814wb-14-02760 1 2 1
36 0 clueweb12-0904wb-30-26946 1 2 1
36 0 clueweb12-0908wb-68-17471 1 2 0
36 0 clueweb12-0911wb-38-15621 1 1 1
36 0 clueweb12-0912wb-09-22085 1 2 1
36 0 clueweb12-0918wb-60-25299 1 1 1
36 0 clueweb12-1008wb-40-15608 1 1 0
36 0 clueweb12-1014wb-65-17648 2 1 0
36 0 clueweb12-1015wb-00-24508 1 2 1
36 0 clueweb12-1020wb-04-10506 1 2 1
36 0 clueweb12-1102wb-72-02878 2 1 1
36 0 clueweb12-1113wb-13-16025 1 2 0
36 0 clueweb12-1113wb-66-04033 2 1 1
36 0 clueweb12-1115wb-84-20763 1 1 0
36 0 clueweb12-1203wb-10-08438 1 2 0
36 0 clueweb12-1214wb-87-24400 2 3 1
36 0 clueweb12-1215wb-57-11747 1 2 1
36 0 clueweb12-1300tw-47-02544 2 1 1
36 0 clueweb12-1307wb-46-06021 1 1 0
36 0 clueweb12-1307wb-90-08216 0 1 0
36 0 clueweb12-1312wb-05-16596 2 1 1
36 0 clueweb12-1312wb-65-17817 1 2 1
36 0 clueweb12-1400tw-64-01512 1 2 0
36 0 clueweb12-1401wb-09-03358 1 2 0
36 0 clueweb12-1401wb-10-19176 1 2 0
36 0 clueweb12-1500wb-64-20670 1 1 1
36 0 clueweb12-1501wb-14-23015 2 1 1
36 0 clueweb12-1502wb-19-07985 1 1 0
36 0 clueweb12-1512wb-07-30470 1 2 0
36 0 clueweb12-1512wb-47-29125 2 1 1
36 0 clueweb12-1516wb-21-03701 2 3 1
36 0 clueweb12-1601wb-87-01317 1 1 1
36 0 clueweb12-1611wb-25-05536 1 1 1
36 0 clueweb12-1704wb-75-23369 1 2 1
36 0 clueweb12-1704wb-85-34163 1 1 0
36 0 clueweb12-1709wb-16-11968 2 3 1
36 0 clueweb12-1709wb-69-01473 1 2 1
36 0 clueweb12-1711wb-65-08181 1 2 1
36 0 clueweb12-1712wb-03-22369 1 2 1
36 0 clueweb12-1712wb-55-10978 2 1 0
36 0 clueweb12-1715wb-06-10223 2 3 1
36 0 clueweb12-1800tw-03-14676 2 3 1
36 0 clueweb12-1801wb-80-03145 1 1 0
36 0 clueweb12-1803wb-37-30164 1 1 0
36 0 clueweb12-1809wb-67-28089 1 2 1
36 0 clueweb12-1813wb-91-13496 1 1 0
36 0 clueweb12-1814wb-66-11400 1 1 0
36 0 clueweb12-1815wb-04-23279 1 2 0
36 0 clueweb12-1900wb-17-22342 1 1 0
36 0 clueweb12-1904wb-19-02442 1 2 0
36 0 clueweb12-1908wb-03-29643 1 1 0
36 0 clueweb12-1908wb-90-07906 2 1 1
36 0 clueweb12-1910wb-84-00539 1 1 1
36 0 clueweb12-1911wb-25-02186 2 3 1
37 0 clueweb12-0000wb-21-14197 1 1 1
37 0 clueweb12-0000wb-73-17828 0 0 1
37 0 clueweb12-0002wb-04-12055 1 0 1
37 0 clueweb12-0006wb-01-17024 1 1 0
37 0 clueweb12-0008wb-31-17670 1 0 0
37 0 clueweb12-0200wb-19-13625 1 1 0
37 0 clueweb12-0206wb-68-18689 1 0 1
37 0 clueweb12-0208wb-34-07268 1 0 1
37 0 clueweb12-0209wb-14-13534 1 0 0
37 0 clueweb12-0209wb-67-10390 1 1 0
37 0 clueweb12-0300tw-23-00455 1 1 0
37 0 clueweb12-0305wb-17-03846 1 1 0
37 0 clueweb12-0311wb-03-09572 0 1 0
37 0 clueweb12-0401tw-01-18806 2 1 0
37 0 clueweb12-0409wb-55-03010 0 1 0
37 0 clueweb12-0409wb-55-03024 1 0 0
37 0 clueweb12-0411wb-37-09781 1 0 0
37 0 clueweb12-0506wb-74-15092 1 1 0
37 0 clueweb12-0512wb-28-15813 1 2 0
37 0 clueweb12-0600wb-11-32428 1 2 0
37 0 clueweb12-0605wb-45-27097 1 0 0
37 0 clueweb12-0605wb-58-06395 1 1 1
37 0 clueweb12-0700tw-29-15517 0 1 0
37 0 clueweb12-0808wb-73-24466 1 0 1
37 0 clueweb12-0914wb-01-22609 1 0 1
37 0 clueweb12-0917wb-21-19624 1 1 0
37 0 clueweb12-1111wb-00-25056 1 2 1
37 0 clueweb12-1200tw-39-01961 1 1 1
37 0 clueweb12-1212wb-05-09395 1 2 0
37 0 clueweb12-1213wb-15-03098 1 2 0
37 0 clueweb12-1213wb-58-11540 1 2 1
37 0 clueweb12-1304wb-08-24357 1 1 0
37 0 clueweb12-1305wb-05-32498 1 0 1
37 0 clueweb12-1310wb-76-13045 1 1 1
37 0 clueweb12-1509wb-37-01783 0 2 1
37 0 clueweb12-1600wb-09-20260 2 0 1
37 0 clueweb12-1604wb-67-24266 2 1 1
37 0 clueweb12-1607wb-69-22584 0 1 0
37 0 clueweb12-1610wb-86-09646 1 1 0
37 0 clueweb12-1612wb-18-11576 1 1 0
37 0 clueweb12-1704wb-27-31456 1 2 1
37 0 clueweb12-1909wb-42-03497 1 1 0
38 0 clueweb12-0004wb-65-09104 1 1 0
38 0 clueweb12-0006wb-17-34416 1 1 0
38 0 clueweb12-0007wb-35-18752 1 0 0
38 0 clueweb12-0012wb-69-02968 1 2 0
38 0 clueweb12-0100wb-71-16569 1 0 0
38 0 clueweb12-0104wb-14-07702 1 1 1
38 0 clueweb12-0104wb-29-06837 1 0 0
38 0 clueweb12-0200wb-57-10129 1 2 1
38 0 clueweb12-0201wb-88-31115 1 0 1
38 0 clueweb12-0203wb-41-02695 2 1 1
38 0 clueweb12-0203wb-49-10559 1 2 0
38 0 clueweb12-0204wb-07-17302 1 1 1
38 0 clueweb12-0204wb-37-23022 2 1 1
38 0 clueweb12-0212wb-19-17066 1 1 1
38 0 clueweb12-0309wb-08-00184 1 1 0
38 0 clueweb12-0408wb-67-27088 1 2 0
38 0 clueweb12-0501wb-11-10538 2 1 0
38 0 clueweb12-0501wb-23-25120 2 1 1
38 0 clueweb12-0510wb-97-17260 1 1 0
38 0 clueweb12-0612wb-19-17704 2 1 1
38 0 clueweb12-0700tw-51-20747 2 1 0
38 0 clueweb12-0701wb-75-01347 1 1 1
38 0 clueweb12-0716wb-21-08705 1 2 1
38 0 clueweb12-0815wb-57-14865 1 2 0
38 0 clueweb12-0900tw-05-03201 1 2 1
38 0 clueweb12-0914wb-91-03403 1 0 1
38 0 clueweb12-1012wb-26-08465 1 0 1
38 0 clueweb12-1106wb-88-01583 1 2 1
38 0 clueweb12-1109wb-36-15769 1 2 0
38 0 clueweb12-1200tw-41-05978 1 2 1
38 0 clueweb12-1205wb-25-02387 1 1 0
38 0 clueweb12-1205wb-37-04000 1 0 1
38 0 clueweb12-1205wb-37-04071 1 1 1
38 0 clueweb12-1208wb-68-14137 1 0 0
38 0 clueweb12-1208wb-68-14431 0 1 1
38 0 clueweb12-1208wb-98-23451 1 0 1
38 0 clueweb12-1208wb-98-23890 1 1 0
38 0 clueweb12-1209wb-10-00514 1 1 0
38 0 clueweb12-1209wb-13-06828 1 1 0
38 0 clueweb12-1209wb-89-18709 2 1 0
38 0 clueweb12-1210wb-86-11731 1 1 0
38 0 clueweb12-1213wb-79-14266 1 0 0
38 0 clueweb12-1218wb-20-01603 1 2 1
38 0 clueweb12-1300tw-75-06734 1 0 0
38 0 clueweb12-1316wb-33-11699 1 1 0
38 0 clueweb12-1406wb-87-07971 1 0 0
38 0 clueweb12-1406wb-87-08360 1 1 0
38 0 clueweb12-1406wb-87-08993 1 2 0
38 0 clueweb12-1406wb-87-09354 1 1 0
38 0 clueweb12-1406wb-87-09642 1 1 0
38 0 clueweb12-1407wb-44-31887 1 1 0
38 0 clueweb12-1407wb-44-32747 1 1 0
38 0 clueweb12-1407wb-44-33113 1 2 1
38 0 clueweb12-1407wb-89-19756 1 1 0
38 0 clueweb12-1500wb-75-31030 1 1 0
38 0 clueweb12-1500wb-75-31367 1 1 0
38 0 clueweb12-1500wb-75-31521 1 0 0
38 0 clueweb12-1500wb-75-31689 1 0 1
38 0 clueweb12-1500wb-75-31717 1 1 0
38 0 clueweb12-1500wb-79-13471 1 0 0
38 0 clueweb12-1500wb-79-13667 1 0 1
38 0 clueweb12-1500wb-91-24652 1 0 1
38 0 clueweb12-1500wb-91-24876 1 0 1
38 0 clueweb12-1500wb-91-25072 1 1 1
38 0 clueweb12-1500wb-91-25296 1 1 0
38 0 clueweb12-1501wb-77-06176 1 1 1
38 0 clueweb12-1503wb-35-20555 1 1 0
38 0 clueweb12-1506wb-88-09780 1 0 1
38 0 clueweb12-1506wb-88-11262 1 0 1
38 0 clueweb12-1510wb-27-16439 1 1 1
38 0 clueweb12-1510wb-29-02194 1 2 1
38 0 clueweb12-1603wb-73-01210 1 1 1
38 0 clueweb12-1608wb-38-10773 1 0 1
38 0 clueweb12-1614wb-76-14479 2 1 1
38 0 clueweb12-1701wb-77-26718 1 1 1
38 0 clueweb12-1704wb-72-05311 1 1 0
38 0 clueweb12-1706wb-57-08243 1 0 1
38 0 clueweb12-1800wb-03-27628 1 2 0
38 0 clueweb12-1815wb-38-20100 2 1 1
38 0 clueweb12-1910wb-55-17927 2 1 0
39 0 clueweb12-0001wb-69-13622 1 1 1
39 0 clueweb12-0003wb-50-05390 1 1 1
39 0 clueweb12-0004wb-00-21595 1 2 1
39 0 clueweb12-0004wb-85-05601 2 1 1
39 0 clueweb12-0005wb-40-20992 1 2 1
39 0 clueweb12-0009wb-72-13175 1 2 1
39 0 clueweb12-0010wb-26-23495 2 1 0
39 0 clueweb12-0010wb-73-34791 1 1 1
39 0 clueweb12-0011wb-51-32872 1 1 0
39 0 clueweb12-0011wb-80-20429 1 1 0
39 0 clueweb12-0101wb-25-22070 0 1 0
39 0 clueweb12-0103wb-40-25738 1 1 1
39 0 clueweb12-0108wb-51-03569 1 2 0
39 0 clueweb12-0109wb-21-08289 1 0 0
39 0 clueweb12-0112wb-55-03783 1 1 0
39 0 clueweb12-0205wb-09-10535 1 1 1
39 0 clueweb12-0205wb-26-33976 1 2 0
39 0 clueweb12-0304wb-44-24305 1 1 0
39 0 clueweb12-0304wb-88-22573 1 2 1
39 0 clueweb12-0400wb-74-14805 1 1 0
39 0 clueweb12-0409wb-10-27656 1 1 0
39 0 clueweb12-0600tw-11-19856 1 1 0
39 0 clueweb12-0601wb-25-12419 1 2 1
39 0 clueweb12-0602wb-83-14710 1 2 1
39 0 clueweb12-0609wb-05-15880 1 2 1
39 0 clueweb12-0701wb-64-07097 1 2 0
39 0 clueweb12-0703wb-95-22263 1 2 1
39 0 clueweb12-0713wb-48-01955 1 1 0
39 0 clueweb12-0800wb-29-04085 1 1 0
39 0 clueweb12-0803wb-63-08932 2 1 1
39 0 clueweb12-0807wb-33-13418 1 2 1
39 0 clueweb12-0914wb-06-00212 1 2 0
39 0 clueweb12-0915wb-68-06591 1 2 0
39 0 clueweb12-0917wb-06-10828 1 1 1
39 0 clueweb12-0917wb-90-25840 0 1 0
39 0 clueweb12-1000tw-31-16976 0 1 0
39 0 clueweb12-1006wb-82-11044 1 2 0
39 0 clueweb12-1113wb-27-16668 2 1 1
39 0 clueweb12-1115wb-82-16767 1 1 0
39 0 clueweb12-1200wb-44-26795 1 2 1
39 0 clueweb12-1210wb-87-05386 1 1 0
39 0 clueweb12-1301wb-48-08392 1 1 0
39 0 clueweb12-1407wb-32-05324 1 1 0
39 0 clueweb12-1407wb-66-07454 1 0 0
39 0 clueweb12-1508wb-15-31556 0 1 0
39 0 clueweb12-1509wb-87-21308 1 1 0
39 0 clueweb12-1513wb-04-12534 1 2 0
39 0 clueweb12-1515wb-98-01096 1 2 0
39 0 clueweb12-1600wb-06-09409 0 1 0
39 0 clueweb12-1609wb-70-21057 2 1 0
39 0 clueweb12-1610wb-56-02248 1 1 0
39 0 clueweb12-1614wb-73-02754 1 2 0
39 0 clueweb12-1706wb-57-08243 1 1 1
39 0 clueweb12-1815wb-26-02475 1 2 0
39 0 clueweb12-1901wb-60-08992 1 2 1
39 0 clueweb12-1906wb-39-18524 2 1 1
39 0 clueweb12-1908wb-02-05021 1 0 0
39 0 clueweb12-1908wb-31-12536 1 1 0
39 0 clueweb12-1912wb-13-00370 2 1 1
40 0 clueweb12-0000wb-21-13679 1 1 0
40 0 clueweb12-0001wb-59-38555 1 1 0
40 0 clueweb12-0002wb-95-17258 1 1 1
40 0 clueweb12-0004wb-62-30082 2 1 0
40 0 clueweb12-0008wb-75-21872 1 2 0
40 0 clueweb12-0009wb-57-00293 0 0 0
40 0 clueweb12-0106wb-20-30133 1 2 1
40 0 clueweb12-0107wb-01-12314 1 2 1
40 0 clueweb12-0109wb-77-13811 2 1 1
40 0 clueweb12-0109wb-91-26662 1 0 1
40 0 clueweb12-0110wb-61-29063 2 3 0
40 0 clueweb12-0112wb-20-25401 1 1 1
40 0 clueweb12-0204wb-79-25562 1 1 0
40 0 clueweb12-0207wb-92-10040 0 1 0
40 0 clueweb12-0209wb-68-35508 1 1 0
40 0 clueweb12-0209wb-92-03267 0 1 0
40 0 clueweb12-0211wb-00-20208 1 2 1
40 0 clueweb12-0311wb-92-11877 1 1 0
40 0 clueweb12-0400wb-24-05944 1 1 1
40 0 clueweb12-0404wb-18-33751 1 0 0
40 0 clueweb12-0404wb-53-07750 1 1 1
40 0 clueweb12-0407wb-01-17415 1 0 0
40 0 clueweb12-0500tw-33-04418 1 1 1
40 0 clueweb12-0500wb-04-09547 2 3 1
40 0 clueweb12-0500wb-17-33945 2 3 1
40 0 clueweb12-0501wb-52-00514 1 1 0
40 0 clueweb12-0501wb-96-02432 2 1 0
40 0 clueweb12-0505wb-00-09634 1 1 0
40 0 clueweb12-0606wb-13-22943 1 2 0
40 0 clueweb12-0607wb-17-24281 1 1 0
40 0 clueweb12-0702wb-39-26740 2 1 1
40 0 clueweb12-0705wb-96-19361 1 2 1
40 0 clueweb12-0800tw-03-21576 1 2 0
40 0 clueweb12-0806wb-17-16728 1 2 0
40 0 clueweb12-0816wb-57-20438 1 2 0
40 0 clueweb12-0818wb-57-02837 1 2 0
40 0 clueweb12-0900tw-18-09277 1 2 0
40 0 clueweb12-0902wb-89-09583 1 2 0
40 0 clueweb12-0908wb-63-02631 1 2 1
40 0 clueweb12-0908wb-96-01637 0 1 0
40 0 clueweb12-0913wb-50-10805 1 0 1
40 0 clueweb12-1000tw-26-08268 1 2 1
40 0 clueweb12-1010wb-99-15190 1 2 1
40 0 clueweb12-1101wb-20-05405 1 2 0
40 0 clueweb12-1109wb-23-20707 1 2 1
40 0 clueweb12-1110wb-80-06636 0 1 0
40 0 clueweb12-1200tw-69-10620 1 1 0
40 0 clueweb12-1208wb-57-04591 1 2 0
40 0 clueweb12-1213wb-15-05517 1 2 0
40 0 clueweb12-1213wb-51-13680 1 2 0
40 0 clueweb12-1214wb-60-02702 0 1 0
40 0 clueweb12-1217wb-77-21908 1 2 1
40 0 clueweb12-1302wb-66-10713 2 1 0
40 0 clueweb12-1305wb-98-31485 0 1 0
40 0 clueweb12-1306wb-98-24133 2 1 0
40 0 clueweb12-1400tw-46-02034 1 1 0
40 0 clueweb12-1501tw-06-01209 1 1 1
40 0 clueweb12-1503wb-90-01836 1 2 1
40 0 clueweb12-1600tw-23-05410 1 2 0
40 0 clueweb12-1601wb-75-22604 1 0 1
40 0 clueweb12-1609wb-02-01911 1 2 1
40 0 clueweb12-1615wb-72-15337 1 1 0
40 0 clueweb12-1703wb-46-17481 1 2 0
40 0 clueweb12-1708wb-10-00299 1 2 1
40 0 clueweb12-1717wb-43-22742 0 1 0
40 0 clueweb12-1801wb-22-19869 1 1 1
40 0 clueweb12-1814wb-72-02444 1 2 0
40 0 clueweb12-1901wb-23-15084 1 1 1
40 0 clueweb12-1901wb-93-18339 2 1 1
40 0 clueweb12-1905wb-04-19854 1 2 1
40 0 clueweb12-1910wb-36-01291 1 2 0
41 0 clueweb12-0001wb-08-15984 1 2 1
41 0 clueweb12-0001wb-26-16395 1 2 1
41 0 clueweb12-0005wb-52-29133 1 2 0
41 0 clueweb12-0101wb-56-28462 2 1 1
41 0 clueweb12-0105wb-12-17367 1 1 0
41 0 clueweb12-0105wb-55-04568 2 1 1
41 0 clueweb12-0108wb-26-24498 1 2 1
41 0 clueweb12-0108wb-66-28923 2 1 1
41 0 clueweb12-0110wb-53-01821 1 2 1
41 0 clueweb12-0200tw-87-18052 1 1 0
41 0 clueweb12-0200wb-19-10542 1 1 1
41 0 clueweb12-0209wb-27-08988 1 2 0
41 0 clueweb12-0300wb-40-04771 1 2 0
41 0 clueweb12-0302wb-39-31413 1 2 0
41 0 clueweb12-0305wb-76-02774 1 2 1
41 0 clueweb12-0503wb-76-32912 1 2 1
41 0 clueweb12-0806wb-17-16657 1 1 0
41 0 clueweb12-0811wb-53-10272 1 2 1
41 0 clueweb12-0906wb-25-03110 1 2 1
41 0 clueweb12-0906wb-36-26832 1 2 0
41 0 clueweb12-0910wb-12-25299 2 1 1
41 0 clueweb12-0912wb-79-11731 1 2 0
41 0 clueweb12-1000tw-53-22825 2 1 0
41 0 clueweb12-1000wb-87-14934 1 2 1
41 0 clueweb12-1001wb-00-05016 1 1 0
41 0 clueweb12-1106wb-27-11843 1 2 1
41 0 clueweb12-1411wb-24-13153 1 2 0
41 0 clueweb12-1507wb-40-05896 1 1 0
41 0 clueweb12-1515wb-52-03722 1 1 0
41 0 clueweb12-1608wb-14-11793 1 2 0
41 0 clueweb12-1608wb-51-25863 1 2 0
41 0 clueweb12-1616wb-09-03506 2 3 1
41 0 clueweb12-1804wb-92-17071 2 1 1
41 0 clueweb12-1906wb-43-05388 2 1 0
41 0 clueweb12-1906wb-69-16303 1 2 0
41 0 clueweb12-1911wb-72-00488 1 2 0
42 0 clueweb12-0013wb-65-22682 1 2 0
42 0 clueweb12-0013wb-82-05923 1 2 1
42 0 clueweb12-0109wb-70-07191 1 2 1
42 0 clueweb12-0200tw-68-00766 1 2 1
42 0 clueweb12-0200wb-73-07398 1 1 0
42 0 clueweb12-0200wb-94-10491 1 2 1
42 0 clueweb12-0201wb-91-26678 1 2 1
42 0 clueweb12-0209wb-07-35126 0 1 0
42 0 clueweb12-0303wb-86-34251 1 1 0
42 0 clueweb12-0305wb-27-22529 1 2 1
42 0 clueweb12-0409wb-81-22720 1 2 1
42 0 clueweb12-0501wb-10-23461 1 2 0
42 0 clueweb12-0501wb-32-23137 1 2 1
42 0 clueweb12-0509wb-27-02999 1 2 1
42 0 clueweb12-0704wb-24-31513 1 2 0
42 0 clueweb12-0709wb-87-07019 2 1 1
42 0 clueweb12-0716wb-83-27700 1 2 1
42 0 clueweb12-0804wb-46-14092 1 2 0
42 0 clueweb12-0804wb-64-07448 2 2 1
42 0 clueweb12-0807wb-29-13854 1 1 1
42 0 clueweb12-0915wb-34-28095 1 1 1
42 0 clueweb12-0917wb-91-13618 1 2 1
42 0 clueweb12-1001wb-02-14533 1 2 0
42 0 clueweb12-1007wb-98-21728 2 2 1
42 0 clueweb12-1106wb-69-01899 1 1 1
42 0 clueweb12-1109wb-36-06575 1 1 0
42 0 clueweb12-1202wb-23-02067 1 1 1
42 0 clueweb12-1209wb-14-17787 2 1 1
42 0 clueweb12-1217wb-56-18456 1 2 0
42 0 clueweb12-1314wb-57-11787 1 2 1
42 0 clueweb12-1403wb-61-16049 1 2 0
42 0 clueweb12-1415wb-95-04054 1 2 1
42 0 clueweb12-1500tw-43-17665 1 0 0
42 0 clueweb12-1508wb-83-05589 0 1 0
42 0 clueweb12-1511wb-22-11510 1 1 0
42 0 clueweb12-1612wb-96-05526 1 2 1
42 0 clueweb12-1802wb-46-25900 1 2 0
42 0 clueweb12-1807wb-59-03238 0 1 0
42 0 clueweb12-1807wb-97-29782 1 2 1
42 0 clueweb12-1910wb-53-17761 1 2 0
44 0 clueweb12-0104wb-49-20522 1 1 0
44 0 clueweb12-0104wb-91-20219 0 1 0
44 0 clueweb12-0110wb-39-01413 1 1 1
44 0 clueweb12-0111wb-06-25007 0 1 0
44 0 clueweb12-0206wb-49-27223 1 1 0
44 0 clueweb12-0300tw-31-07606 0 1 0
44 0 clueweb12-0301wb-28-15899 0 0 0
44 0 clueweb12-0400wb-95-00108 1 1 0
44 0 clueweb12-0505wb-44-00986 1 0 1
44 0 clueweb12-0506wb-25-14343 1 1 1
44 0 clueweb12-0710wb-42-26850 0 1 1
44 0 clueweb12-1005wb-56-06767 1 1 0
44 0 clueweb12-1110wb-19-10345 1 2 0
44 0 clueweb12-1206wb-25-03690 1 2 1
44 0 clueweb12-1206wb-32-25726 1 1 0
44 0 clueweb12-1210wb-41-19460 1 1 0
44 0 clueweb12-1400wb-28-21290 1 1 0
44 0 clueweb12-1408wb-35-08821 0 1 0
44 0 clueweb12-1700tw-50-01552 1 2 0
44 0 clueweb12-1702wb-49-24057 1 0 0
44 0 clueweb12-1706wb-47-14549 1 2 0
44 0 clueweb12-1809wb-74-20288 2 3 1
44 0 clueweb12-1910wb-14-13192 1 2 0
45 0 clueweb12-0001wb-98-37784 0 1 0
45 0 clueweb12-0005wb-66-08007 1 2 0
45 0 clueweb12-0104wb-47-24118 1 1 1
45 0 clueweb12-0106wb-26-13581 0 1 0
45 0 clueweb12-0106wb-74-19662 0 1 0
45 0 clueweb12-0110wb-11-09029 1 2 0
45 0 clueweb12-0211wb-54-03822 1 1 1
45 0 clueweb12-0211wb-59-09977 1 2 0
45 0 clueweb12-0301wb-03-23102 1 0 0
45 0 clueweb12-0303wb-39-34820 1 2 0
45 0 clueweb12-0304wb-20-23529 1 1 0
45 0 clueweb12-0400tw-05-17325 1 1 1
45 0 clueweb12-0410wb-56-12070 1 1 0
45 0 clueweb12-0500wb-51-00038 1 0 0
45 0 clueweb12-0501wb-37-24339 1 0 1
45 0 clueweb12-0814wb-90-06358 1 2 0
45 0 clueweb12-0814wb-95-09905 1 2 0
45 0 clueweb12-0814wb-97-08178 0 1 0
45 0 clueweb12-0900tw-94-10786 1 2 0
45 0 clueweb12-0901tw-03-10936 1 0 0
45 0 clueweb12-1114wb-85-17190 1 2 0
45 0 clueweb12-1115wb-14-11025 1 2 0
45 0 clueweb12-1310wb-50-35428 1 1 0
45 0 clueweb12-1614wb-07-15301 1 0 1
45 0 clueweb12-1804wb-00-28949 1 2 0
45 0 clueweb12-1810wb-22-06047 1 1 0
45 0 clueweb12-1903wb-56-01004 1 2 0
45 0 clueweb12-1907wb-56-03718 2 1 1
45 0 clueweb12-1911wb-88-21788 1 1 0
47 0 clueweb12-0007wb-17-24981 2 0 1
47 0 clueweb12-0008wb-73-23850 1 0 0
47 0 clueweb12-0011wb-60-11702 1 1 0
47 0 clueweb12-0101wb-86-21158 1 1 0
47 0 clueweb12-0109wb-19-27350 1 1 0
47 0 clueweb12-0111wb-62-16159 1 0 0
47 0 clueweb12-0111wb-81-14628 1 2 0
47 0 clueweb12-0112wb-48-27812 1 2 1
47 0 clueweb12-0203wb-66-09517 1 0 0
47 0 clueweb12-0205wb-58-14758 0 1 0
47 0 clueweb12-0209wb-42-22521 1 2 1
47 0 clueweb12-0210wb-96-19819 1 2 0
47 0 clueweb12-0211wb-04-17815 0 1 0
47 0 clueweb12-0211wb-82-03990 1 1 0
47 0 clueweb12-0301wb-43-31813 1 1 0
47 0 clueweb12-0503wb-06-10988 0 1 1
47 0 clueweb12-0608wb-50-14370 1 2 0
47 0 clueweb12-0713wb-27-19280 1 1 1
47 0 clueweb12-0803wb-05-22067 1 2 1
47 0 clueweb12-0915wb-54-15195 0 1 1
47 0 clueweb12-0915wb-68-30048 2 0 1
47 0 clueweb12-1102wb-49-25201 1 0 0
47 0 clueweb12-1103wb-33-06107 1 0 0
47 0 clueweb12-1202wb-30-15881 0 1 0
47 0 clueweb12-1302wb-53-19394 1 2 1
47 0 clueweb12-1305wb-57-04706 1 2 0
47 0 clueweb12-1315wb-26-05898 1 0 0
47 0 clueweb12-1507wb-18-32038 1 1 1
47 0 clueweb12-1507wb-39-04319 0 1 0
47 0 clueweb12-1508wb-04-13872 1 1 0
47 0 clueweb12-1612wb-58-06699 0 1 0
47 0 clueweb12-1700wb-32-05523 1 0 1
47 0 clueweb12-1706wb-57-08243 1 0 1
47 0 clueweb12-1712wb-04-03305 1 1 0
47 0 clueweb12-1714wb-67-18910 1 1 1
47 0 clueweb12-1804wb-70-23651 1 1 0
47 0 clueweb12-1910wb-36-25301 1 1 0
47 0 clueweb12-1911wb-88-05998 1 1 1
49 0 clueweb12-0001wb-05-19146 1 2 1
49 0 clueweb12-0001wb-28-17569 1 1 0
49 0 clueweb12-0006wb-33-06002 1 0 0
49 0 clueweb12-0011wb-23-02662 1 1 0
49 0 clueweb12-0101wb-14-23376 1 2 0
49 0 clueweb12-0102wb-22-18889 1 2 0
49 0 clueweb12-0110wb-40-06316 1 2 1
49 0 clueweb12-0110wb-57-27285 1 1 0
49 0 clueweb12-0112wb-46-10957 1 1 0
49 0 clueweb12-0112wb-66-06444 1 2 0
49 0 clueweb12-0210wb-65-27897 1 2 1
49 0 clueweb12-0301wb-09-25927 0 1 0
49 0 clueweb12-0303wb-48-07564 1 1 1
49 0 clueweb12-0303wb-59-31757 1 2 1
49 0 clueweb12-0305wb-07-07696 1 2 1
49 0 clueweb12-0307wb-31-12637 2 3 1
49 0 clueweb12-0308wb-01-18191 1 2 1
49 0 clueweb12-0308wb-71-13220 1 1 1
49 0 clueweb12-0310wb-01-18347 2 3 1
49 0 clueweb12-0603wb-98-26061 2 1 1
49 0 clueweb12-0604wb-92-34062 1 1 1
49 0 clueweb12-0704wb-32-16943 1 2 1
49 0 clueweb12-0800wb-25-03720 1 0 0
49 0 clueweb12-1005wb-26-01577 0 1 0
49 0 clueweb12-1012wb-48-09369 1 3 1
49 0 clueweb12-1102wb-83-07801 1 1 0
49 0 clueweb12-1205wb-61-18083 1 1 0
49 0 clueweb12-1303wb-67-22537 1 1 1
49 0 clueweb12-1311wb-34-29216 1 2 1
49 0 clueweb12-1315wb-25-14473 2 1 0
49 0 clueweb12-1514wb-39-03931 1 0 1
49 0 clueweb12-1600wb-50-22198 1 1 0
49 0 clueweb12-1613wb-68-27051 1 1 1
49 0 clueweb12-1703wb-38-05463 1 2 0
49 0 clueweb12-1707wb-37-23255 1 1 1
49 0 clueweb12-1712wb-99-09847 1 2 1
49 0 clueweb12-1814wb-09-01685 1 2 1
49 0 clueweb12-1905wb-87-08250 1 1 1
50 0 clueweb12-0002wb-94-25379 1 0 0
50 0 clueweb12-0011wb-53-04481 2 3 1
50 0 clueweb12-0012wb-38-22811 1 2 0
50 0 clueweb12-0013wb-11-20364 1 1 0
50 0 clueweb12-0013wb-31-17240 1 1 0
50 0 clueweb12-0101wb-05-08166 1 2 1
50 0 clueweb12-0101wb-17-00616 2 1 0
50 0 clueweb12-0101wb-27-11906 1 1 0
50 0 clueweb12-0101wb-37-27630 1 2 0
50 0 clueweb12-0101wb-46-06876 1 1 0
50 0 clueweb12-0101wb-60-05857 1 2 1
50 0 clueweb12-0101wb-60-05871 1 2 1
50 0 clueweb12-0101wb-69-10476 2 1 0
50 0 clueweb12-0101wb-74-06021 1 2 1
50 0 clueweb12-0101wb-86-14445 2 1 1
50 0 clueweb12-0102wb-15-06422 1 2 1
50 0 clueweb12-0102wb-33-11328 1 2 1
50 0 clueweb12-0102wb-42-18276 1 1 1
50 0 clueweb12-0102wb-42-18290 1 2 0
50 0 clueweb12-0102wb-42-18304 2 1 0
50 0 clueweb12-0102wb-62-02269 2 1 0
50 0 clueweb12-0102wb-75-14462 1 2 1
50 0 clueweb12-0102wb-84-19068 1 2 1
50 0 clueweb12-0102wb-95-27817 2 1 1
50 0 clueweb12-0103wb-26-07884 2 1 1
50 0 clueweb12-0103wb-45-28033 2 1 0
50 0 clueweb12-0103wb-47-11830 0 1 1
50 0 clueweb12-0103wb-61-12000 2 1 1
50 0 clueweb12-0103wb-70-07799 2 1 1
50 0 clueweb12-0103wb-82-02841 1 2 0
50 0 clueweb12-0103wb-87-22021 1 0 0
50 0 clueweb12-0104wb-27-25196 2 1 1
50 0 clueweb12-0104wb-39-26565 1 2 0
50 0 clueweb12-0105wb-07-26966 2 3 1
50 0 clueweb12-0200tw-83-10639 1 1 0
50 0 clueweb12-0201wb-27-10796 1 1 0
50 0 clueweb12-0201wb-34-22417 1 2 0
50 0 clueweb12-0202wb-00-18644 1 3 0
50 0 clueweb12-0202wb-40-27276 2 1 1
50 0 clueweb12-0203wb-30-01261 1 2 0
50 0 clueweb12-0204wb-51-09043 1 2 1
50 0 clueweb12-0204wb-57-12049 1 2 1
50 0 clueweb12-0207wb-33-00307 2 1 0
50 0 clueweb12-0208wb-22-19626 1 0 0
50 0 clueweb12-0208wb-78-26844 1 2 1
50 0 clueweb12-0209wb-97-16985 1 2 1
50 0 clueweb12-0211wb-32-03676 1 1 0
50 0 clueweb12-0212wb-01-33291 1 0 0
50 0 clueweb12-0304wb-46-14349 1 1 0
50 0 clueweb12-0304wb-76-32915 2 1 1
50 0 clueweb12-0305wb-30-14226 1 1 0
50 0 clueweb12-0306wb-52-08806 1 1 0
50 0 clueweb12-0306wb-58-02082 1 2 0
50 0 clueweb12-0307wb-20-09062 1 1 1
50 0 clueweb12-0308wb-39-12813 2 1 1
50 0 clueweb12-0310wb-88-05156 2 3 1
50 0 clueweb12-0404wb-72-20312 1 2 0
50 0 clueweb12-0406wb-12-27765 2 1 1
50 0 clueweb12-0502wb-57-15439 0 1 0
50 0 clueweb12-0606wb-92-05378 1 1 1
50 0 clueweb12-0607wb-73-17042 1 2 0
50 0 clueweb12-0608wb-36-09767 1 2 0
50 0 clueweb12-0608wb-65-27885 1 1 0
50 0 clueweb12-0608wb-67-23341 1 3 0
50 0 clueweb12-0608wb-86-23151 1 2 1
50 0 clueweb12-0612wb-36-17660 1 1 0
50 0 clueweb12-0612wb-61-00510 1 1 1
50 0 clueweb12-0700wb-62-14643 2 2 1
50 0 clueweb12-0701wb-01-03973 2 1 1
50 0 clueweb12-0701wb-41-07128 1 3 0
50 0 clueweb12-0701wb-98-00869 1 3 1
50 0 clueweb12-0702wb-18-09154 1 2 1
50 0 clueweb12-0702wb-30-13809 2 3 1
50 0 clueweb12-0702wb-31-30129 2 1 1
50 0 clueweb12-0702wb-58-15392 0 1 0
50 0 clueweb12-0703wb-18-15949 2 1 0
50 0 clueweb12-0704wb-29-19834 1 1 1
50 0 clueweb12-0705wb-59-20296 2 3 1
50 0 clueweb12-0706wb-22-10420 2 1 1
50 0 clueweb12-0707wb-43-31468 1 1 0
50 0 clueweb12-0707wb-63-10325 1 2 1
50 0 clueweb12-0712wb-92-26705 2 1 1
50 0 clueweb12-0712wb-99-24837 0 1 0
50 0 clueweb12-0713wb-57-10629 0 1 0
50 0 clueweb12-0714wb-02-08456 1 1 0
50 0 clueweb12-0714wb-58-11011 0 2 1
50 0 clueweb12-0715wb-26-02483 1 3 0
50 0 clueweb12-0715wb-45-16602 1 2 1
50 0 clueweb12-0715wb-79-12754 1 2 0
50 0 clueweb12-0716wb-52-21228 1 2 1
50 0 clueweb12-0806wb-63-17817 1 2 0
50 0 clueweb12-0807wb-63-12243 2 1 1
50 0 clueweb12-0807wb-89-10247 1 2 1
50 0 clueweb12-0807wb-92-28485 1 2 1
50 0 clueweb12-0808wb-22-05934 1 2 0
50 0 clueweb12-0809wb-96-08650 1 1 0
50 0 clueweb12-0811wb-86-18985 2 1 1
50 0 clueweb12-0811wb-95-14257 1 0 1
50 0 clueweb12-0900wb-78-11585 2 1 1
50 0 clueweb12-0900wb-95-12380 2 2 1
50 0 clueweb12-0919wb-55-20736 1 2 1
50 0 clueweb12-1017wb-84-00536 1 2 0
50 0 clueweb12-1018wb-50-02835 1 2 0
50 0 clueweb12-1106wb-76-24393 1 2 1
50 0 clueweb12-1114wb-33-05266 1 1 0
50 0 clueweb12-1116wb-75-25920 1 3 1
50 0 clueweb12-1200tw-14-06209 1 2 1
50 0 clueweb12-1208wb-02-05063 1 1 0
50 0 clueweb12-1302wb-54-28069 2 3 0
50 0 clueweb12-1306wb-31-11174 1 1 0
50 0 clueweb12-1310wb-13-17856 2 1 0
50 0 clueweb12-1404wb-84-27010 1 1 0
50 0 clueweb12-1410wb-80-00927 2 3 1
50 0 clueweb12-1411wb-13-03606 0 1 0
50 0 clueweb12-1411wb-15-13141 1 2 1
50 0 clueweb12-1411wb-39-05541 1 2 1
50 0 clueweb12-1500tw-09-13413 2 1 0
50 0 clueweb12-1505wb-28-10526 1 2 1
50 0 clueweb12-1505wb-53-07391 1 2 0
50 0 clueweb12-1506wb-20-25894 2 3 1
50 0 clueweb12-1509wb-83-26939 2 1 0
50 0 clueweb12-1511wb-10-24629 1 1 0
50 0 clueweb12-1513wb-31-13413 1 2 0
50 0 clueweb12-1513wb-66-16145 1 2 1
50 0 clueweb12-1604wb-25-32043 1 0 1
50 0 clueweb12-1607wb-83-13885 2 3 0
50 0 clueweb12-1608wb-29-11557 1 2 1
50 0 clueweb12-1612wb-61-24437 1 1 0
50 0 clueweb12-1700wb-10-06668 2 3 1
50 0 clueweb12-1705wb-54-26493 1 1 0
50 0 clueweb12-1712wb-69-06301 2 1 1
50 0 clueweb12-1714wb-55-06478 1 2 0
50 0 clueweb12-1714wb-87-16968 1 0 0
50 0 clueweb12-1715wb-37-06486 2 3 1
50 0 clueweb12-1716wb-31-21024 0 1 0
50 0 clueweb12-1804wb-22-06710 1 1 1
50 0 clueweb12-1805wb-45-09715 1 1 1
50 0 clueweb12-1805wb-50-26911 1 1 0
50 0 clueweb12-1805wb-50-26925 1 0 0
50 0 clueweb12-1805wb-66-15578 1 1 0
50 0 clueweb12-1805wb-73-29504 2 1 1
50 0 clueweb12-1805wb-81-00286 1 2 1
50 0 clueweb12-1805wb-87-11755 1 1 0
50 0 clueweb12-1805wb-94-26695 1 1 0
50 0 clueweb12-1810wb-71-25076 1 2 0
50 0 clueweb12-1812wb-89-02147 1 1 0
50 0 clueweb12-1901wb-97-30840 1 2 1
50 0 clueweb12-1902wb-59-09397 1 0 1
50 0 clueweb12-1902wb-67-03803 1 2 1
50 0 clueweb12-1902wb-79-00443 1 0 1
50 0 clueweb12-1902wb-84-01054 1 2 0
50 0 clueweb12-1903wb-13-23584 1 2 1
50 0 clueweb12-1905wb-54-24494 1 1 1
50 0 clueweb12-1905wb-73-09957 1 2 1
50 0 clueweb12-1905wb-83-24867 1 1 1
50 0 clueweb12-1906wb-09-27455 1 1 0
51 0 clueweb12-0007wb-60-11786 1 0 1
51 0 clueweb12-0009wb-98-02465 1 2 1
51 0 clueweb12-0010wb-76-20786 0 1 0
51 0 clueweb12-0011wb-46-18015 1 1 0
51 0 clueweb12-0011wb-99-25858 1 1 1
51 0 clueweb12-0012wb-12-05783 1 2 1
51 0 clueweb12-0012wb-78-05345 1 0 1
51 0 clueweb12-0107wb-89-25894 0 1 0
51 0 clueweb12-0302wb-34-26500 1 2 1
51 0 clueweb12-0400wb-37-29652 0 1 0
51 0 clueweb12-0401wb-44-25949 1 1 0
51 0 clueweb12-0410wb-37-05398 1 1 1
51 0 clueweb12-1101tw-05-08415 1 0 0
51 0 clueweb12-1117wb-73-13390 1 1 0
51 0 clueweb12-1217wb-93-04333 1 2 0
51 0 clueweb12-1714wb-20-24658 1 1 0
