Usefulness confussion matrix:
TP=2564 FP=1438 FN=123  TN=1157
Precision: 0.6406796601699151
Recall: 0.9542240416821735


Credibility confussion matrix:
TP=1449 FP=1149 FN=10   TN=79
Precision: 0.5577367205542725
Recall: 0.9931459904043866


Supportiveness confussion matrix:
TP=601  FP=920  FN=295  TN=871
Precision: 0.39513477975016437
Recall: 0.6707589285714286
